  2.000000000000000E-003  2.000000000000000E-003  -1.05556125699346     
  0.302332916666667       2.000000000000000E-003  -1.03782141446946     
  0.602665833333333       2.000000000000000E-003 -0.999636903129393     
  0.902998750000000       2.000000000000000E-003 -0.972109016090702     
   1.20333166666667       2.000000000000000E-003 -0.954635397575886     
   1.50366458333333       2.000000000000000E-003 -0.941903533166488     
   1.80399750000000       2.000000000000000E-003 -0.932093562303218     
   2.10433041666667       2.000000000000000E-003 -0.927634841777918     
   2.40466333333333       2.000000000000000E-003 -0.935380417976038     
   2.70499625000000       2.000000000000000E-003 -0.959982942515816     
   3.00532916666667       2.000000000000000E-003 -0.995730389382802     
   3.30566208333333       2.000000000000000E-003  -1.03027101775811     
   3.60599500000000       2.000000000000000E-003  -1.04982934381813     
   3.90632791666667       2.000000000000000E-003 -0.972722153551641     
   4.20666083333333       2.000000000000000E-003 -0.882347429371720     
   4.50699375000000       2.000000000000000E-003 -0.788184001309407     
   4.80732666666667       2.000000000000000E-003 -0.711088206126562     
   5.10765958333333       2.000000000000000E-003 -0.656955537703028     
   5.40799250000000       2.000000000000000E-003 -0.621838671402272     
   5.70832541666667       2.000000000000000E-003 -0.600529463079242     
   6.00865833333333       2.000000000000000E-003 -0.589523538040434     
   6.30899125000000       2.000000000000000E-003 -0.586410104473689     
   6.60932416666667       2.000000000000000E-003 -0.589582366179125     
   6.90965708333333       2.000000000000000E-003 -0.596604016837701     
   7.20999000000000       2.000000000000000E-003 -0.593609205108637     
  2.000000000000000E-003  0.302332916666667       -1.03782383468179     
  0.302332916666667       0.302332916666667       -1.02434006208229     
  0.602665833333333       0.302332916666667       -1.01539619134858     
  0.902998750000000       0.302332916666667       -1.01166003479978     
   1.20333166666667       0.302332916666667       -1.00370300044050     
   1.50366458333333       0.302332916666667      -0.992677610090803     
   1.80399750000000       0.302332916666667      -0.981135320916065     
   2.10433041666667       0.302332916666667      -0.972639282671466     
   2.40466333333333       0.302332916666667      -0.975813001693431     
   2.70499625000000       0.302332916666667      -0.995604519131984     
   3.00532916666667       0.302332916666667       -1.02405115755996     
   3.30566208333333       0.302332916666667       -1.05039563953250     
   3.60599500000000       0.302332916666667       -1.05036037633149     
   3.90632791666667       0.302332916666667      -0.988725144615449     
   4.20666083333333       0.302332916666667      -0.893683324367096     
   4.50699375000000       0.302332916666667      -0.798261555901735     
   4.80732666666667       0.302332916666667      -0.721388583198836     
   5.10765958333333       0.302332916666667      -0.667473982769332     
   5.40799250000000       0.302332916666667      -0.632002976513364     
   5.70832541666667       0.302332916666667      -0.609769280300913     
   6.00865833333333       0.302332916666667      -0.597124188951193     
   6.30899125000000       0.302332916666667      -0.591264852769130     
   6.60932416666667       0.302332916666667      -0.590039482407951     
   6.90965708333333       0.302332916666667      -0.591897006343375     
   7.20999000000000       0.302332916666667      -0.584523667713195     
  2.000000000000000E-003  0.602665833333333      -0.999640450237789     
  0.302332916666667       0.602665833333333       -1.01539810187948     
  0.602665833333333       0.602665833333333       -1.03181353473196     
  0.902998750000000       0.602665833333333       -1.04244536979111     
   1.20333166666667       0.602665833333333       -1.04155104232099     
   1.50366458333333       0.602665833333333       -1.03221565157243     
   1.80399750000000       0.602665833333333       -1.01847525821991     
   2.10433041666667       0.602665833333333       -1.00490053702580     
   2.40466333333333       0.602665833333333      -0.999960741219113     
   2.70499625000000       0.602665833333333       -1.01107700798347     
   3.00532916666667       0.602665833333333       -1.02715473446560     
   3.30566208333333       0.602665833333333       -1.03741520852374     
   3.60599500000000       0.602665833333333       -1.02056500546549     
   3.90632791666667       0.602665833333333      -0.960380341920306     
   4.20666083333333       0.602665833333333      -0.872771052243559     
   4.50699375000000       0.602665833333333      -0.786368764999346     
   4.80732666666667       0.602665833333333      -0.717047173603328     
   5.10765958333333       0.602665833333333      -0.667788076183461     
   5.40799250000000       0.602665833333333      -0.634232590463366     
   5.70832541666667       0.602665833333333      -0.612147601681585     
   6.00865833333333       0.602665833333333      -0.598143883101532     
   6.30899125000000       0.602665833333333      -0.589354444857795     
   6.60932416666667       0.602665833333333      -0.583057176855347     
   6.90965708333333       0.602665833333333      -0.575716398763829     
   7.20999000000000       0.602665833333333      -0.561057306654086     
  2.000000000000000E-003  0.902998750000000      -0.972114175831819     
  0.302332916666667       0.902998750000000       -1.01166438626172     
  0.602665833333333       0.902998750000000       -1.04244772637837     
  0.902998750000000       0.902998750000000       -1.06067632229695     
   1.20333166666667       0.902998750000000       -1.06454948974363     
   1.50366458333333       0.902998750000000       -1.05672073226207     
   1.80399750000000       0.902998750000000       -1.04100636582418     
   2.10433041666667       0.902998750000000       -1.02176422429485     
   2.40466333333333       0.902998750000000       -1.00929452141758     
   2.70499625000000       0.902998750000000       -1.00535369925357     
   3.00532916666667       0.902998750000000       -1.00424856495865     
   3.30566208333333       0.902998750000000      -0.993756314072239     
   3.60599500000000       0.902998750000000      -0.962170458235794     
   3.90632791666667       0.902998750000000      -0.904486933353473     
   4.20666083333333       0.902998750000000      -0.831237260218310     
   4.50699375000000       0.902998750000000      -0.760060634780091     
   4.80732666666667       0.902998750000000      -0.702834427745549     
   5.10765958333333       0.902998750000000      -0.660399398482718     
   5.40799250000000       0.902998750000000      -0.630074383843406     
   5.70832541666667       0.902998750000000      -0.609031196284875     
   6.00865833333333       0.902998750000000      -0.594268295586821     
   6.30899125000000       0.902998750000000      -0.582951675591079     
   6.60932416666667       0.902998750000000      -0.572120624743548     
   6.90965708333333       0.902998750000000      -0.558406962678771     
   7.20999000000000       0.902998750000000      -0.539371679453002     
  2.000000000000000E-003   1.20333166666667      -0.954641853527392     
  0.302332916666667        1.20333166666667       -1.00370787635176     
  0.602665833333333        1.20333166666667       -1.04155333693985     
  0.902998750000000        1.20333166666667       -1.06454932402169     
   1.20333166666667        1.20333166666667       -1.07155015845868     
   1.50366458333333        1.20333166666667       -1.06463524477432     
   1.80399750000000        1.20333166666667       -1.04679871329977     
   2.10433041666667        1.20333166666667       -1.02511393478237     
   2.40466333333333        1.20333166666667       -1.00658907751117     
   2.70499625000000        1.20333166666667      -0.988130091012162     
   3.00532916666667        1.20333166666667      -0.967437123563264     
   3.30566208333333        1.20333166666667      -0.940319953290621     
   3.60599500000000        1.20333166666667      -0.900126877391913     
   3.90632791666667        1.20333166666667      -0.846323977305215     
   4.20666083333333        1.20333166666667      -0.786356073702199     
   4.50699375000000        1.20333166666667      -0.730653624135721     
   4.80732666666667        1.20333166666667      -0.684426159042255     
   5.10765958333333        1.20333166666667      -0.648521512693818     
   5.40799250000000        1.20333166666667      -0.621849129586137     
   5.70832541666667        1.20333166666667      -0.602435649343549     
   6.00865833333333        1.20333166666667      -0.587683864341643     
   6.30899125000000        1.20333166666667      -0.574973831343572     
   6.60932416666667        1.20333166666667      -0.561687180813659     
   6.90965708333333        1.20333166666667      -0.545517108025225     
   7.20999000000000        1.20333166666667      -0.525413376337372     
  2.000000000000000E-003   1.50366458333333      -0.941910521955566     
  0.302332916666667        1.50366458333333      -0.992681199855365     
  0.602665833333333        1.50366458333333       -1.03221518698734     
  0.902998750000000        1.50366458333333       -1.05671705178835     
   1.20333166666667        1.50366458333333       -1.06463138040055     
   1.50366458333333        1.50366458333333       -1.05688526221713     
   1.80399750000000        1.50366458333333       -1.03798265468282     
   2.10433041666667        1.50366458333333       -1.01704276305671     
   2.40466333333333        1.50366458333333      -0.993364645828774     
   2.70499625000000        1.50366458333333      -0.965338387604760     
   3.00532916666667        1.50366458333333      -0.932291269317294     
   3.30566208333333        1.50366458333333      -0.893631086515689     
   3.60599500000000        1.50366458333333      -0.848950470249430     
   3.90632791666667        1.50366458333333      -0.799695111490195     
   4.20666083333333        1.50366458333333      -0.749901952892380     
   4.50699375000000        1.50366458333333      -0.704225830015720     
   4.80732666666667        1.50366458333333      -0.665674535968923     
   5.10765958333333        1.50366458333333      -0.635099571424870     
   5.40799250000000        1.50366458333333      -0.611826164423207     
   5.70832541666667        1.50366458333333      -0.594357029982146     
   6.00865833333333        1.50366458333333      -0.580405965477347     
   6.30899125000000        1.50366458333333      -0.567607308182516     
   6.60932416666667        1.50366458333333      -0.553813082932721     
   6.90965708333333        1.50366458333333      -0.537378054847887     
   7.20999000000000        1.50366458333333      -0.517612532986394     
  2.000000000000000E-003   1.80399750000000      -0.932100409966846     
  0.302332916666667        1.80399750000000      -0.981136676364245     
  0.602665833333333        1.80399750000000       -1.01847047862386     
  0.902998750000000        1.80399750000000       -1.04099691162413     
   1.20333166666667        1.80399750000000       -1.04678820376093     
   1.50366458333333        1.80399750000000       -1.03797566534309     
   1.80399750000000        1.80399750000000       -1.02163894797260     
   2.10433041666667        1.80399750000000      -0.999148216271679     
   2.40466333333333        1.80399750000000      -0.970574654397873     
   2.70499625000000        1.80399750000000      -0.936400349587237     
   3.00532916666667        1.80399750000000      -0.897550525924363     
   3.30566208333333        1.80399750000000      -0.855070243209278     
   3.60599500000000        1.80399750000000      -0.810149128750271     
   3.90632791666667        1.80399750000000      -0.764563820318151     
   4.20666083333333        1.80399750000000      -0.720818997280053     
   4.50699375000000        1.80399750000000      -0.681510607138565     
   4.80732666666667        1.80399750000000      -0.648427244337275     
   5.10765958333333        1.80399750000000      -0.622092772950668     
   5.40799250000000        1.80399750000000      -0.601872141552310     
   5.70832541666667        1.80399750000000      -0.586375581375385     
   6.00865833333333        1.80399750000000      -0.573827466252894     
   6.30899125000000        1.80399750000000      -0.562041013330729     
   6.60932416666667        1.80399750000000      -0.549076676121284     
   6.90965708333333        1.80399750000000      -0.533507771468660     
   7.20999000000000        1.80399750000000      -0.514555230364550     
  2.000000000000000E-003   2.10433041666667      -0.927641478859383     
  0.302332916666667        2.10433041666667      -0.972638283064818     
  0.602665833333333        2.10433041666667       -1.00489107291569     
  0.902998750000000        2.10433041666667       -1.02174832894620     
   1.20333166666667        2.10433041666667       -1.02509618134724     
   1.50366458333333        2.10433041666667       -1.01702844634034     
   1.80399750000000        2.10433041666667      -0.999140899861559     
   2.10433041666667        2.10433041666667      -0.972834652432280     
   2.40466333333333        2.10433041666667      -0.939784648664625     
   2.70499625000000        2.10433041666667      -0.901950163055960     
   3.00532916666667        2.10433041666667      -0.861199128384555     
   3.30566208333333        2.10433041666667      -0.819010444098567     
   3.60599500000000        2.10433041666667      -0.776576607807734     
   3.90632791666667        2.10433041666667      -0.735186438454695     
   4.20666083333333        2.10433041666667      -0.696447610099148     
   4.50699375000000        2.10433041666667      -0.662056471888281     
   4.80732666666667        2.10433041666667      -0.633268726556460     
   5.10765958333333        2.10433041666667      -0.610465584538611     
   5.40799250000000        2.10433041666667      -0.593076824109959     
   5.70832541666667        2.10433041666667      -0.579835580316455     
   6.00865833333333        2.10433041666667      -0.569131862243368     
   6.30899125000000        2.10433041666667      -0.559222463138358     
   6.60932416666667        2.10433041666667      -0.548261189002102     
   6.90965708333333        2.10433041666667      -0.534421887375111     
   7.20999000000000        2.10433041666667      -0.516596763821292     
  2.000000000000000E-003   2.40466333333333      -0.935388145716692     
  0.302332916666667        2.40466333333333      -0.975810212459868     
  0.602665833333333        2.40466333333333      -0.999947054836497     
  0.902998750000000        2.40466333333333       -1.00927353273888     
   1.20333166666667        2.40466333333333       -1.00656622834673     
   1.50366458333333        2.40466333333333      -0.993345404963586     
   1.80399750000000        2.40466333333333      -0.970562566910735     
   2.10433041666667        2.40466333333333      -0.939779973457883     
   2.40466333333333        2.40466333333333      -0.903412981990329     
   2.70499625000000        2.40466333333333      -0.864132427070883     
   3.00532916666667        2.40466333333333      -0.824083038747409     
   3.30566208333333        2.40466333333333      -0.784524647988102     
   3.60599500000000        2.40466333333333      -0.746089399381800     
   3.90632791666667        2.40466333333333      -0.709367296046402     
   4.20666083333333        2.40466333333333      -0.675317386870505     
   4.50699375000000        2.40466333333333      -0.645192162284532     
   4.80732666666667        2.40466333333333      -0.620071912001520     
   5.10765958333333        2.40466333333333      -0.600385648463885     
   5.40799250000000        2.40466333333333      -0.585750653464811     
   5.70832541666667        2.40466333333333      -0.575175182000281     
   6.00865833333333        2.40466333333333      -0.567369397445443     
   6.30899125000000        2.40466333333333      -0.560808167813610     
   6.60932416666667        2.40466333333333      -0.553438525146987     
   6.90965708333333        2.40466333333333      -0.542622813374414     
   7.20999000000000        2.40466333333333      -0.526222883380523     
  2.000000000000000E-003   2.70499625000000      -0.959993864050322     
  0.302332916666667        2.70499625000000      -0.995601083036069     
  0.602665833333333        2.70499625000000       -1.01105950493305     
  0.902998750000000        2.70499625000000       -1.00532890876458     
   1.20333166666667        2.70499625000000      -0.988105001878247     
   1.50366458333333        2.70499625000000      -0.965317706248821     
   1.80399750000000        2.70499625000000      -0.936387149314322     
   2.10433041666667        2.70499625000000      -0.901944534679135     
   2.40466333333333        2.70499625000000      -0.864131567411386     
   2.70499625000000        2.70499625000000      -0.825519415326995     
   3.00532916666667        2.70499625000000      -0.787980746728325     
   3.30566208333333        2.70499625000000      -0.752259993869793     
   3.60599500000000        2.70499625000000      -0.718351046409199     
   3.90632791666667        2.70499625000000      -0.686253271821056     
   4.20666083333333        2.70499625000000      -0.656505226100305     
   4.50699375000000        2.70499625000000      -0.630153089010767     
   4.80732666666667        2.70499625000000      -0.608266569245898     
   5.10765958333333        2.70499625000000      -0.591421897817518     
   5.40799250000000        2.70499625000000      -0.579531232253677     
   5.70832541666667        2.70499625000000      -0.572079900936709     
   6.00865833333333        2.70499625000000      -0.568463182607053     
   6.30899125000000        2.70499625000000      -0.567843518431309     
   6.60932416666667        2.70499625000000      -0.566906912537317     
   6.90965708333333        2.70499625000000      -0.560213148026736     
   7.20999000000000        2.70499625000000      -0.545233121974441     
  2.000000000000000E-003   3.00532916666667      -0.995745909774802     
  0.302332916666667        3.00532916666667       -1.02404824787555     
  0.602665833333333        3.00532916666667       -1.02713569115934     
  0.902998750000000        3.00532916666667       -1.00422174860927     
   1.20333166666667        3.00532916666667      -0.967412239728033     
   1.50366458333333        3.00532916666667      -0.932272047552210     
   1.80399750000000        3.00532916666667      -0.897538938089288     
   2.10433041666667        3.00532916666667      -0.861195091349636     
   2.40466333333333        3.00532916666667      -0.824083858151103     
   2.70499625000000        3.00532916666667      -0.787982571143904     
   3.00532916666667        3.00532916666667      -0.754119142649470     
   3.30566208333333        3.00532916666667      -0.722660129528880     
   3.60599500000000        3.00532916666667      -0.693122198438263     
   3.90632791666667        3.00532916666667      -0.665171171302228     
   4.20666083333333        3.00532916666667      -0.639161030780130     
   4.50699375000000        3.00532916666667      -0.616077222143195     
   4.80732666666667        3.00532916666667      -0.597031130104243     
   5.10765958333333        3.00532916666667      -0.582757568489194     
   5.40799250000000        3.00532916666667      -0.573513838232879     
   5.70832541666667        3.00532916666667      -0.569463010587296     
   6.00865833333333        3.00532916666667      -0.571283632091261     
   6.30899125000000        3.00532916666667      -0.579050748546920     
   6.60932416666667        3.00532916666667      -0.586191926506944     
   6.90965708333333        3.00532916666667      -0.584454223782301     
   7.20999000000000        3.00532916666667      -0.570450546569289     
  2.000000000000000E-003   3.30566208333333       -1.03029024716553     
  0.302332916666667        3.30566208333333       -1.05039612351334     
  0.602665833333333        3.30566208333333       -1.03740098676681     
  0.902998750000000        3.30566208333333      -0.993733714807709     
   1.20333166666667        3.30566208333333      -0.940297970779370     
   1.50366458333333        3.30566208333333      -0.893614879415880     
   1.80399750000000        3.30566208333333      -0.855060933002532     
   2.10433041666667        3.30566208333333      -0.819008129559086     
   2.40466333333333        3.30566208333333      -0.784527113912797     
   2.70499625000000        3.30566208333333      -0.752263766049507     
   3.00532916666667        3.30566208333333      -0.722662411337176     
   3.30566208333333        3.30566208333333      -0.695399057888216     
   3.60599500000000        3.30566208333333      -0.669751646671778     
   3.90632791666667        3.30566208333333      -0.645317073523877     
   4.20666083333333        3.30566208333333      -0.622452082031240     
   4.50699375000000        3.30566208333333      -0.602152595915163     
   4.80732666666667        3.30566208333333      -0.585551402747787     
   5.10765958333333        3.30566208333333      -0.573484585033158     
   5.40799250000000        3.30566208333333      -0.566510490788376     
   5.70832541666667        3.30566208333333      -0.565504551145076     
   6.00865833333333        3.30566208333333      -0.572825024671812     
   6.30899125000000        3.30566208333333      -0.588428232417804     
   6.60932416666667        3.30566208333333      -0.604403914896839     
   6.90965708333333        3.30566208333333      -0.607567916816205     
   7.20999000000000        3.30566208333333      -0.593623075334782     
  2.000000000000000E-003   3.60599500000000       -1.04984923864628     
  0.302332916666667        3.60599500000000       -1.05037438923566     
  0.602665833333333        3.60599500000000       -1.02056607743805     
  0.902998750000000        3.60599500000000      -0.962159327513920     
   1.20333166666667        3.60599500000000      -0.900111430243769     
   1.50366458333333        3.60599500000000      -0.848937519734463     
   1.80399750000000        3.60599500000000      -0.810140973226722     
   2.10433041666667        3.60599500000000      -0.776574196700090     
   2.40466333333333        3.60599500000000      -0.746091439522234     
   2.70499625000000        3.60599500000000      -0.718354816375125     
   3.00532916666667        3.60599500000000      -0.693125204483217     
   3.30566208333333        3.60599500000000      -0.669752888220878     
   3.60599500000000        3.60599500000000      -0.647483872722384     
   3.90632791666667        3.60599500000000      -0.626023136316309     
   4.20666083333333        3.60599500000000      -0.605823350230846     
   4.50699375000000        3.60599500000000      -0.587893457426545     
   4.80732666666667        3.60599500000000      -0.573328059424587     
   5.10765958333333        3.60599500000000      -0.562968522002981     
   5.40799250000000        3.60599500000000      -0.557522607982000     
   5.70832541666667        3.60599500000000      -0.558266136304562     
   6.00865833333333        3.60599500000000      -0.568416508299603     
   6.30899125000000        3.60599500000000      -0.587919636683386     
   6.60932416666667        3.60599500000000      -0.608794405237305     
   6.90965708333333        3.60599500000000      -0.615943947811322     
   7.20999000000000        3.60599500000000      -0.610564682120078     
  2.000000000000000E-003   3.90632791666667      -0.972746669058541     
  0.302332916666667        3.90632791666667      -0.988754125485249     
  0.602665833333333        3.90632791666667      -0.960397419567160     
  0.902998750000000        3.90632791666667      -0.904488235439586     
   1.20333166666667        3.90632791666667      -0.846315689143774     
   1.50366458333333        3.90632791666667      -0.799684525183823     
   1.80399750000000        3.90632791666667      -0.764555177875821     
   2.10433041666667        3.90632791666667      -0.735181868995041     
   2.40466333333333        3.90632791666667      -0.709366678883889     
   2.70499625000000        3.90632791666667      -0.686254889158918     
   3.00532916666667        3.90632791666667      -0.665173048005476     
   3.30566208333333        3.90632791666667      -0.645318138725039     
   3.60599500000000        3.90632791666667      -0.626023450417570     
   3.90632791666667        3.90632791666667      -0.607160299312282     
   4.20666083333333        3.90632791666667      -0.589276718087206     
   4.50699375000000        3.90632791666667      -0.573355058859474     
   4.80732666666667        3.90632791666667      -0.560392842739506     
   5.10765958333333        3.90632791666667      -0.551149164384223     
   5.40799250000000        3.90632791666667      -0.546290624354860     
   5.70832541666667        3.90632791666667      -0.546973668457973     
   6.00865833333333        3.90632791666667      -0.555890538923416     
   6.30899125000000        3.90632791666667      -0.573218351427404     
   6.60932416666667        3.90632791666667      -0.591173152384385     
   6.90965708333333        3.90632791666667      -0.596243450805210     
   7.20999000000000        3.90632791666667      -0.583219749802143     
  2.000000000000000E-003   4.20666083333333      -0.882370646766151     
  0.302332916666667        4.20666083333333      -0.893711847042927     
  0.602665833333333        4.20666083333333      -0.872792179951419     
  0.902998750000000        4.20666083333333      -0.831244429300899     
   1.20333166666667        4.20666083333333      -0.786351787160663     
   1.50366458333333        4.20666083333333      -0.749892503830475     
   1.80399750000000        4.20666083333333      -0.720809148076865     
   2.10433041666667        4.20666083333333      -0.696440308824698     
   2.40466333333333        4.20666083333333      -0.675313592344042     
   2.70499625000000        4.20666083333333      -0.656504228767154     
   3.00532916666667        4.20666083333333      -0.639161422746758     
   3.30566208333333        4.20666083333333      -0.622452778217180     
   3.60599500000000        4.20666083333333      -0.605823987086670     
   3.90632791666667        4.20666083333333      -0.589277256929819     
   4.20666083333333        4.20666083333333      -0.573402597222850     
   4.50699375000000        4.20666083333333      -0.559116593496843     
   4.80732666666667        4.20666083333333      -0.547299469530902     
   5.10765958333333        4.20666083333333      -0.538595447076734     
   5.40799250000000        4.20666083333333      -0.533515479844584     
   5.70832541666667        4.20666083333333      -0.532775840339044     
   6.00865833333333        4.20666083333333      -0.537662183246408     
   6.30899125000000        4.20666083333333      -0.548639810120533     
   6.60932416666667        4.20666083333333      -0.559248159850093     
   6.90965708333333        4.20666083333333      -0.560918422943397     
   7.20999000000000        4.20666083333333      -0.549507085279187     
  2.000000000000000E-003   4.50699375000000      -0.788202406686310     
  0.302332916666667        4.50699375000000      -0.798282757296984     
  0.602665833333333        4.50699375000000      -0.786385485220897     
  0.902998750000000        4.50699375000000      -0.760067121172973     
   1.20333166666667        4.50699375000000      -0.730650641773115     
   1.50366458333333        4.50699375000000      -0.704217267695876     
   1.80399750000000        4.50699375000000      -0.681500453333773     
   2.10433041666667        4.50699375000000      -0.662047937773931     
   2.40466333333333        4.50699375000000      -0.645186954202739     
   2.70499625000000        4.50699375000000      -0.630151280559088     
   3.00532916666667        4.50699375000000      -0.616077842031396     
   3.30566208333333        4.50699375000000      -0.602154495134390     
   3.60599500000000        4.50699375000000      -0.587895846999778     
   3.90632791666667        4.50699375000000      -0.573357435709720     
   4.20666083333333        4.50699375000000      -0.559118305645709     
   4.50699375000000        4.50699375000000      -0.546028388632567     
   4.80732666666667        4.50699375000000      -0.534888109798436     
   5.10765958333333        4.50699375000000      -0.526263243533770     
   5.40799250000000        4.50699375000000      -0.520513862220203     
   5.70832541666667        4.50699375000000      -0.517931211206491     
   6.00865833333333        4.50699375000000      -0.518737969161215     
   6.30899125000000        4.50699375000000      -0.522590778658789     
   6.60932416666667        4.50699375000000      -0.526241519598744     
   6.90965708333333        4.50699375000000      -0.524040862929308     
   7.20999000000000        4.50699375000000      -0.512999912138984     
  2.000000000000000E-003   4.80732666666667      -0.711101933833354     
  0.302332916666667        4.80732666666667      -0.721402970211178     
  0.602665833333333        4.80732666666667      -0.717058398365995     
  0.902998750000000        4.80732666666667      -0.702839294602338     
   1.20333166666667        4.80732666666667      -0.684424259860549     
   1.50366458333333        4.80732666666667      -0.665667769808266     
   1.80399750000000        4.80732666666667      -0.648418735533188     
   2.10433041666667        4.80732666666667      -0.633261612456506     
   2.40466333333333        4.80732666666667      -0.620068266304685     
   2.70499625000000        4.80732666666667      -0.608266912002469     
   3.00532916666667        4.80732666666667      -0.597034700591347     
   3.30566208333333        4.80732666666667      -0.585556890645985     
   3.60599500000000        4.80732666666667      -0.573334245648987     
   3.90632791666667        4.80732666666667      -0.560398787464241     
   4.20666083333333        4.80732666666667      -0.547304324531910     
   4.50699375000000        4.80732666666667      -0.534890948664967     
   4.80732666666667        4.80732666666667      -0.523970911261674     
   5.10765958333333        4.80732666666667      -0.515114212198796     
   5.40799250000000        4.80732666666667      -0.508600823595477     
   5.70832541666667        4.80732666666667      -0.504451128679933     
   6.00865833333333        4.80732666666667      -0.502362769466932     
   6.30899125000000        4.80732666666667      -0.501423036115275     
   6.60932416666667        4.80732666666667      -0.499694716155259     
   6.90965708333333        4.80732666666667      -0.494335855736843     
   7.20999000000000        4.80732666666667      -0.483020377813716     
  2.000000000000000E-003   5.10765958333333      -0.656965599629013     
  0.302332916666667        5.10765958333333      -0.667484274133822     
  0.602665833333333        5.10765958333333      -0.667796752006343     
  0.902998750000000        5.10765958333333      -0.660404147005931     
   1.20333166666667        5.10765958333333      -0.648521347498673     
   1.50366458333333        5.10765958333333      -0.635095555703601     
   1.80399750000000        5.10765958333333      -0.622087483835195     
   2.10433041666667        5.10765958333333      -0.610461962255383     
   2.40466333333333        5.10765958333333      -0.600385822204916     
   2.70499625000000        5.10765958333333      -0.591426514732859     
   3.00532916666667        5.10765958333333      -0.582765872994245     
   3.30566208333333        5.10765958333333      -0.573495054008453     
   3.60599500000000        5.10765958333333      -0.562979568822842     
   3.90632791666667        5.10765958333333      -0.551159505171937     
   4.20666083333333        5.10765958333333      -0.538604087431827     
   4.50699375000000        5.10765958333333      -0.526269366757414     
   4.80732666666667        5.10765958333333      -0.515117264092116     
   5.10765958333333        5.10765958333333      -0.505819738180706     
   5.40799250000000        5.10765958333333      -0.498644955815702     
   5.70832541666667        5.10765958333333      -0.493459320757980     
   6.00865833333333        5.10765958333333      -0.489718414261739     
   6.30899125000000        5.10765958333333      -0.486391587448347     
   6.60932416666667        5.10765958333333      -0.481929627539843     
   6.90965708333333        5.10765958333333      -0.474553587831947     
   7.20999000000000        5.10765958333333      -0.462941381863861     
  2.000000000000000E-003   5.40799250000000      -0.621846189652317     
  0.302332916666667        5.40799250000000      -0.632010924787728     
  0.602665833333333        5.40799250000000      -0.634239979967339     
  0.902998750000000        5.40799250000000      -0.630079500300002     
   1.20333166666667        5.40799250000000      -0.621850752722308     
   1.50366458333333        5.40799250000000      -0.611824758678456     
   1.80399750000000        5.40799250000000      -0.601870071896476     
   2.10433041666667        5.40799250000000      -0.593076832596598     
   2.40466333333333        5.40799250000000      -0.585754706158478     
   2.70499625000000        5.40799250000000      -0.579539868669385     
   3.00532916666667        5.40799250000000      -0.573526193431328     
   3.30566208333333        5.40799250000000      -0.566524884411045     
   3.60599500000000        5.40799250000000      -0.557537273824705     
   3.90632791666667        5.40799250000000      -0.546304147982674     
   4.20666083333333        5.40799250000000      -0.533526845147435     
   4.50699375000000        5.40799250000000      -0.520522355945413     
   4.80732666666667        5.40799250000000      -0.508606072039968     
   5.10765958333333        5.40799250000000      -0.498647129196155     
   5.40799250000000        5.40799250000000      -0.490932469230203     
   5.70832541666667        5.40799250000000      -0.485218335855605     
   6.00865833333333        5.40799250000000      -0.480799150173647     
   6.30899125000000        5.40799250000000      -0.476468194378827     
   6.60932416666667        5.40799250000000      -0.470862571672729     
   6.90965708333333        5.40799250000000      -0.462679167901614     
   7.20999000000000        5.40799250000000      -0.451025442151904     
  2.000000000000000E-003   5.70832541666667      -0.600535103431715     
  0.302332916666667        5.70832541666667      -0.609775412812313     
  0.602665833333333        5.70832541666667      -0.612153615641385     
  0.902998750000000        5.70832541666667      -0.609035608725564     
   1.20333166666667        5.70832541666667      -0.602437399395659     
   1.50366458333333        5.70832541666667      -0.594356545456812     
   1.80399750000000        5.70832541666667      -0.586374937440329     
   2.10433041666667        5.70832541666667      -0.579837296365427     
   2.40466333333333        5.70832541666667      -0.575180869028077     
   2.70499625000000        5.70832541666667      -0.572089814574144     
   3.00532916666667        5.70832541666667      -0.569476124521050     
   3.30566208333333        5.70832541666667      -0.565519160169118     
   3.60599500000000        5.70832541666667      -0.558280625404950     
   3.90632791666667        5.70832541666667      -0.546986896933498     
   4.20666083333333        5.70832541666667      -0.532787021003961     
   4.50699375000000        5.70832541666667      -0.517939738022555     
   4.80732666666667        5.70832541666667      -0.504456654403273     
   5.10765958333333        5.70832541666667      -0.493461980927251     
   5.40799250000000        5.70832541666667      -0.485218924061873     
   5.70832541666667        5.70832541666667      -0.479324710196915     
   6.00865833333333        5.70832541666667      -0.474724067426028     
   6.30899125000000        5.70832541666667      -0.470232668193020     
   6.60932416666667        5.70832541666667      -0.464512500546959     
   6.90965708333333        5.70832541666667      -0.456309209920936     
   7.20999000000000        5.70832541666667      -0.444864772330658     
  2.000000000000000E-003   6.00865833333333      -0.589527319611121     
  0.302332916666667        6.00865833333333      -0.597128338958165     
  0.602665833333333        6.00865833333333      -0.598147899248435     
  0.902998750000000        6.00865833333333      -0.594270663511567     
   1.20333166666667        6.00865833333333      -0.587683694177843     
   1.50366458333333        6.00865833333333      -0.580403861915566     
   1.80399750000000        6.00865833333333      -0.573825460878929     
   2.10433041666667        6.00865833333333      -0.569132374994165     
   2.40466333333333        6.00865833333333      -0.567373412001230     
   2.70499625000000        6.00865833333333      -0.568470464647599     
   3.00532916666667        6.00865833333333      -0.571292857767643     
   3.30566208333333        6.00865833333333      -0.572834456771277     
   3.60599500000000        6.00865833333333      -0.568425157181789     
   3.90632791666667        6.00865833333333      -0.555898376981212     
   4.20666083333333        6.00865833333333      -0.537669145479217     
   4.50699375000000        6.00865833333333      -0.518743469029499     
   4.80732666666667        6.00865833333333      -0.502366195505046     
   5.10765958333333        6.00865833333333      -0.489719572653102     
   5.40799250000000        6.00865833333333      -0.480798474489671     
   5.70832541666667        6.00865833333333      -0.474722990967823     
   6.00865833333333        6.00865833333333      -0.470378973874610     
   6.30899125000000        6.00865833333333      -0.466550331542971     
   6.60932416666667        6.00865833333333      -0.461731640663519     
   6.90965708333333        6.00865833333333      -0.454375130883892     
   7.20999000000000        6.00865833333333      -0.443503993536912     
  2.000000000000000E-003   6.30899125000000      -0.586411280103069     
  0.302332916666667        6.30899125000000      -0.591266431385159     
  0.602665833333333        6.30899125000000      -0.589355881455281     
  0.902998750000000        6.30899125000000      -0.582951120003408     
   1.20333166666667        6.30899125000000      -0.574970598394539     
   1.50366458333333        6.30899125000000      -0.567602181789626     
   1.80399750000000        6.30899125000000      -0.562035820416036     
   2.10433041666667        6.30899125000000      -0.559219463443870     
   2.40466333333333        6.30899125000000      -0.560807910619295     
   2.70499625000000        6.30899125000000      -0.567845039006620     
   3.00532916666667        6.30899125000000      -0.579051997353596     
   3.30566208333333        6.30899125000000      -0.588427070278110     
   3.60599500000000        6.30899125000000      -0.587916295891962     
   3.90632791666667        6.30899125000000      -0.573215376249186     
   4.20666083333333        6.30899125000000      -0.548638666140775     
   4.50699375000000        6.30899125000000      -0.522590658692295     
   4.80732666666667        6.30899125000000      -0.501422501793229     
   5.10765958333333        6.30899125000000      -0.486389749990649     
   5.40799250000000        6.30899125000000      -0.476465142149447     
   5.70832541666667        6.30899125000000      -0.470229612144101     
   6.00865833333333        6.30899125000000      -0.466548453007079     
   6.30899125000000        6.30899125000000      -0.464249751248060     
   6.60932416666667        6.30899125000000      -0.461678450182907     
   6.90965708333333        6.30899125000000      -0.456571905864994     
   7.20999000000000        6.30899125000000      -0.447135584328075     
  2.000000000000000E-003   6.60932416666667      -0.589579848781998     
  0.302332916666667        6.60932416666667      -0.590038247581890     
  0.602665833333333        6.60932416666667      -0.583056203314052     
  0.902998750000000        6.60932416666667      -0.572117373214772     
   1.20333166666667        6.60932416666667      -0.561681270770256     
   1.50366458333333        6.60932416666667      -0.553805362503460     
   1.80399750000000        6.60932416666667      -0.549068553183826     
   2.10433041666667        6.60932416666667      -0.548254250165363     
   2.40466333333333        6.60932416666667      -0.553433367921980     
   2.70499625000000        6.60932416666667      -0.566901934698159     
   3.00532916666667        6.60932416666667      -0.586184316718217     
   3.30566208333333        6.60932416666667      -0.604390670641451     
   3.60599500000000        6.60932416666667      -0.608776961204322     
   3.90632791666667        6.60932416666667      -0.591157867886302     
   4.20666083333333        6.60932416666667      -0.559238107827289     
   4.50699375000000        6.60932416666667      -0.526235138096692     
   4.80732666666667        6.60932416666667      -0.499689756332134     
   5.10765958333333        6.60932416666667      -0.481924504480736     
   5.40799250000000        6.60932416666667      -0.470857187397121     
   5.70832541666667        6.60932416666667      -0.464507585855697     
   6.00865833333333        6.60932416666667      -0.461728038083545     
   6.30899125000000        6.60932416666667      -0.461676743327682     
   6.60932416666667        6.60932416666667      -0.462952931719743     
   6.90965708333333        6.60932416666667      -0.462442755819774     
   7.20999000000000        6.60932416666667      -0.456100299172914     
  2.000000000000000E-003   6.90965708333333      -0.596599209689084     
  0.302332916666667        6.90965708333333      -0.591894670222157     
  0.602665833333333        6.90965708333333      -0.575714276479150     
  0.902998750000000        6.90965708333333      -0.558402448322967     
   1.20333166666667        6.90965708333333      -0.545510265194438     
   1.50366458333333        6.90965708333333      -0.537369558789283     
   1.80399750000000        6.90965708333333      -0.533498459954279     
   2.10433041666667        6.90965708333333      -0.534412710994305     
   2.40466333333333        6.90965708333333      -0.542614144158860     
   2.70499625000000        6.90965708333333      -0.560203654265408     
   3.00532916666667        6.90965708333333      -0.584441329906933     
   3.30566208333333        6.90965708333333      -0.607548388396214     
   3.60599500000000        6.90965708333333      -0.615919192037774     
   3.90632791666667        6.90965708333333      -0.596222100247939     
   4.20666083333333        6.90965708333333      -0.560903513843718     
   4.50699375000000        6.90965708333333      -0.524030436227150     
   4.80732666666667        6.90965708333333      -0.494327664043167     
   5.10765958333333        6.90965708333333      -0.474546225095917     
   5.40799250000000        6.90965708333333      -0.462672337357054     
   5.70832541666667        6.90965708333333      -0.456303298847689     
   6.00865833333333        6.90965708333333      -0.454370712932065     
   6.30899125000000        6.90965708333333      -0.456569538820305     
   6.60932416666667        6.90965708333333      -0.462442449336405     
   6.90965708333333        6.90965708333333      -0.468659744979842     
   7.20999000000000        6.90965708333333      -0.466181128083805     
  2.000000000000000E-003   7.20999000000000      -0.593604650410962     
  0.302332916666667        7.20999000000000      -0.584520478877003     
  0.602665833333333        7.20999000000000      -0.561054154949736     
  0.902998750000000        7.20999000000000      -0.539367131128841     
   1.20333166666667        7.20999000000000      -0.525407268708149     
   1.50366458333333        7.20999000000000      -0.517605045007624     
   1.80399750000000        7.20999000000000      -0.514546688128691     
   2.10433041666667        7.20999000000000      -0.516587529469057     
   2.40466333333333        7.20999000000000      -0.526213044172504     
   2.70499625000000        7.20999000000000      -0.545221858343694     
   3.00532916666667        7.20999000000000      -0.570436076636011     
   3.30566208333333        7.20999000000000      -0.593603720283045     
   3.60599500000000        7.20999000000000      -0.610544266396326     
   3.90632791666667        7.20999000000000      -0.583199715867872     
   4.20666083333333        7.20999000000000      -0.549491668268149     
   4.50699375000000        7.20999000000000      -0.512988383732156     
   4.80732666666667        7.20999000000000      -0.483011075597630     
   5.10765958333333        7.20999000000000      -0.462933307392969     
   5.40799250000000        7.20999000000000      -0.451018303267299     
   5.70832541666667        7.20999000000000      -0.444858752707249     
   6.00865833333333        7.20999000000000      -0.443499531560301     
   6.30899125000000        7.20999000000000      -0.447133241226896     
   6.60932416666667        7.20999000000000      -0.456100384599541     
   6.90965708333333        7.20999000000000      -0.466182113447493     
   7.20999000000000        7.20999000000000      -0.467030004814980     
