  2.000000000000000E-003  2.000000000000000E-003  -1.06375865281972     
  0.302332916666667       2.000000000000000E-003  -1.09430107779275     
  0.602665833333333       2.000000000000000E-003  -1.11077942509677     
  0.902998750000000       2.000000000000000E-003  -1.13714458858264     
   1.20333166666667       2.000000000000000E-003  -1.18008340320126     
   1.50366458333333       2.000000000000000E-003  -1.24948639739346     
   1.80399750000000       2.000000000000000E-003  -1.35805440146557     
   2.10433041666667       2.000000000000000E-003  -1.52292846798597     
   2.40466333333333       2.000000000000000E-003  -1.77160437659365     
   2.70499625000000       2.000000000000000E-003  -2.10879275637087     
   3.00532916666667       2.000000000000000E-003  -2.48324863810204     
   3.30566208333333       2.000000000000000E-003  -2.77972751998228     
   3.60599500000000       2.000000000000000E-003  -2.99551484961012     
   3.90632791666667       2.000000000000000E-003  -2.77974525756548     
   4.20666083333333       2.000000000000000E-003  -2.48327582197200     
   4.50699375000000       2.000000000000000E-003  -2.10881019035110     
   4.80732666666667       2.000000000000000E-003  -1.77160510406269     
   5.10765958333333       2.000000000000000E-003  -1.52291322006346     
   5.40799250000000       2.000000000000000E-003  -1.35802775799460     
   5.70832541666667       2.000000000000000E-003  -1.24945205824614     
   6.00865833333333       2.000000000000000E-003  -1.18004323016589     
   6.30899125000000       2.000000000000000E-003  -1.13709775286047     
   6.60932416666667       2.000000000000000E-003  -1.11072255331109     
   6.90965708333333       2.000000000000000E-003  -1.09423733651888     
   7.20999000000000       2.000000000000000E-003  -1.06369794309181     
  2.000000000000000E-003  0.302332916666667       -1.03687043147407     
  0.302332916666667       0.302332916666667       -1.07247479368197     
  0.602665833333333       0.302332916666667       -1.09891194132405     
  0.902998750000000       0.302332916666667       -1.12951778036806     
   1.20333166666667       0.302332916666667       -1.17366083823072     
   1.50366458333333       0.302332916666667       -1.24204177089190     
   1.80399750000000       0.302332916666667       -1.34705129666286     
   2.10433041666667       0.302332916666667       -1.50460852591795     
   2.40466333333333       0.302332916666667       -1.73812562894364     
   2.70499625000000       0.302332916666667       -2.05526785873555     
   3.00532916666667       0.302332916666667       -2.41073750003660     
   3.30566208333333       0.302332916666667       -2.70132586483418     
   3.60599500000000       0.302332916666667       -2.81960956369383     
   3.90632791666667       0.302332916666667       -2.70130996354440     
   4.20666083333333       0.302332916666667       -2.41073236184355     
   4.50699375000000       0.302332916666667       -2.05526938546301     
   4.80732666666667       0.302332916666667       -1.73812305258004     
   5.10765958333333       0.302332916666667       -1.50459768563597     
   5.40799250000000       0.302332916666667       -1.34703186332466     
   5.70832541666667       0.302332916666667       -1.24201362722689     
   6.00865833333333       0.302332916666667       -1.17362289847583     
   6.30899125000000       0.302332916666667       -1.12946778716845     
   6.60932416666667       0.302332916666667       -1.09885016585686     
   6.90965708333333       0.302332916666667       -1.07242011569786     
   7.20999000000000       0.302332916666667       -1.03679951678639     
  2.000000000000000E-003  0.602665833333333      -0.982634035845817     
  0.302332916666667       0.602665833333333       -1.02493110510072     
  0.602665833333333       0.602665833333333       -1.06434325595570     
  0.902998750000000       0.602665833333333       -1.10250886049671     
   1.20333166666667       0.602665833333333       -1.14866303802156     
   1.50366458333333       0.602665833333333       -1.21377269580308     
   1.80399750000000       0.602665833333333       -1.30913664205097     
   2.10433041666667       0.602665833333333       -1.44709202137105     
   2.40466333333333       0.602665833333333       -1.64159630145872     
   2.70499625000000       0.602665833333333       -1.90374575937609     
   3.00532916666667       0.602665833333333       -2.19739887778098     
   3.30566208333333       0.602665833333333       -2.44439910424285     
   3.60599500000000       0.602665833333333       -2.54268080254136     
   3.90632791666667       0.602665833333333       -2.44438407393283     
   4.20666083333333       0.602665833333333       -2.19738674111945     
   4.50699375000000       0.602665833333333       -1.90374028172655     
   4.80732666666667       0.602665833333333       -1.64159181805914     
   5.10765958333333       0.602665833333333       -1.44708362856517     
   5.40799250000000       0.602665833333333       -1.30912182306153     
   5.70832541666667       0.602665833333333       -1.21374906163454     
   6.00865833333333       0.602665833333333       -1.14862912781228     
   6.30899125000000       0.602665833333333       -1.10246620787627     
   6.60932416666667       0.602665833333333       -1.06430024865027     
   6.90965708333333       0.602665833333333       -1.02489494795115     
   7.20999000000000       0.602665833333333      -0.982570558454403     
  2.000000000000000E-003  0.902998750000000      -0.932149027675253     
  0.302332916666667       0.902998750000000      -0.978977600254841     
  0.602665833333333       0.902998750000000       -1.02315434322757     
  0.902998750000000       0.902998750000000       -1.06516108664354     
   1.20333166666667       0.902998750000000       -1.11128949823010     
   1.50366458333333       0.902998750000000       -1.17044091645706     
   1.80399750000000       0.902998750000000       -1.25190537514609     
   2.10433041666667       0.902998750000000       -1.36423596518023     
   2.40466333333333       0.902998750000000       -1.51202091731118     
   2.70499625000000       0.902998750000000       -1.69974356994679     
   3.00532916666667       0.902998750000000       -1.90999368628855     
   3.30566208333333       0.902998750000000       -2.08221681910514     
   3.60599500000000       0.902998750000000       -2.14995140924480     
   3.90632791666667       0.902998750000000       -2.08220942948064     
   4.20666083333333       0.902998750000000       -1.90998598785823     
   4.50699375000000       0.902998750000000       -1.69973853327490     
   4.80732666666667       0.902998750000000       -1.51201556551612     
   5.10765958333333       0.902998750000000       -1.36422729208330     
   5.40799250000000       0.902998750000000       -1.25189103796253     
   5.70832541666667       0.902998750000000       -1.17041786081052     
   6.00865833333333       0.902998750000000       -1.11125672824113     
   6.30899125000000       0.902998750000000       -1.06512141439375     
   6.60932416666667       0.902998750000000       -1.02311345867309     
   6.90965708333333       0.902998750000000      -0.978933789325730     
   7.20999000000000       0.902998750000000      -0.932086499009785     
  2.000000000000000E-003   1.20333166666667      -0.893546414730049     
  0.302332916666667        1.20333166666667      -0.939958904008042     
  0.602665833333333        1.20333166666667      -0.983674871192766     
  0.902998750000000        1.20333166666667       -1.02505002763563     
   1.20333166666667        1.20333166666667       -1.06800178981854     
   1.50366458333333        1.20333166666667       -1.11890489783812     
   1.80399750000000        1.20333166666667       -1.18472233704124     
   2.10433041666667        1.20333166666667       -1.27033125824042     
   2.40466333333333        1.20333166666667       -1.37641694019925     
   2.70499625000000        1.20333166666667       -1.50050402891361     
   3.00532916666667        1.20333166666667       -1.63005409135779     
   3.30566208333333        1.20333166666667       -1.73589941062220     
   3.60599500000000        1.20333166666667       -1.77720034880617     
   3.90632791666667        1.20333166666667       -1.73589653885095     
   4.20666083333333        1.20333166666667       -1.63005010830401     
   4.50699375000000        1.20333166666667       -1.50049942394263     
   4.80732666666667        1.20333166666667       -1.37641032111900     
   5.10765958333333        1.20333166666667       -1.27032051865391     
   5.40799250000000        1.20333166666667       -1.18470536948718     
   5.70832541666667        1.20333166666667       -1.11887935571250     
   6.00865833333333        1.20333166666667       -1.06796694098167     
   6.30899125000000        1.20333166666667       -1.02500806423742     
   6.60932416666667        1.20333166666667      -0.983628773194878     
   6.90965708333333        1.20333166666667      -0.939907405991948     
   7.20999000000000        1.20333166666667      -0.893484506264057     
  2.000000000000000E-003   1.50366458333333      -0.863516315553466     
  0.302332916666667        1.50366458333333      -0.907152674826834     
  0.602665833333333        1.50366458333333      -0.947844819685612     
  0.902998750000000        1.50366458333333      -0.985773675282033     
   1.20333166666667        1.50366458333333       -1.02337274461648     
   1.50366458333333        1.50366458333333       -1.06501349769144     
   1.80399750000000        1.50366458333333       -1.11548325939642     
   2.10433041666667        1.50366458333333       -1.17737468525775     
   2.40466333333333        1.50366458333333       -1.25083479346636     
   2.70499625000000        1.50366458333333       -1.33198615259991     
   3.00532916666667        1.50366458333333       -1.41055010753823     
   3.30566208333333        1.50366458333333       -1.46982242815178     
   3.60599500000000        1.50366458333333       -1.49220511557734     
   3.90632791666667        1.50366458333333       -1.46982068204591     
   4.20666083333333        1.50366458333333       -1.41054683643626     
   4.50699375000000        1.50366458333333       -1.33198108224399     
   4.80732666666667        1.50366458333333       -1.25082680412847     
   5.10765958333333        1.50366458333333       -1.17736211762795     
   5.40799250000000        1.50366458333333       -1.11546431298938     
   5.70832541666667        1.50366458333333       -1.06498632999257     
   6.00865833333333        1.50366458333333       -1.02333726648348     
   6.30899125000000        1.50366458333333      -0.985731991151460     
   6.60932416666667        1.50366458333333      -0.947799406987209     
   6.90965708333333        1.50366458333333      -0.907103961522872     
   7.20999000000000        1.50366458333333      -0.863463099320350     
  2.000000000000000E-003   1.80399750000000      -0.839204418995350     
  0.302332916666667        1.80399750000000      -0.879201170099303     
  0.602665833333333        1.80399750000000      -0.915626255233632     
  0.902998750000000        1.80399750000000      -0.948703930443851     
   1.20333166666667        1.80399750000000      -0.980069935603952     
   1.50366458333333        1.80399750000000       -1.01276057191604     
   1.80399750000000        1.80399750000000       -1.04982934381813     
   2.10433041666667        1.80399750000000       -1.09307640423202     
   2.40466333333333        1.80399750000000       -1.14254956070379     
   2.70499625000000        1.80399750000000       -1.19519045609114     
   3.00532916666667        1.80399750000000       -1.24408481874171     
   3.30566208333333        1.80399750000000       -1.27954403187996     
   3.60599500000000        1.80399750000000       -1.29260158839023     
   3.90632791666667        1.80399750000000       -1.27954254864900     
   4.20666083333333        1.80399750000000       -1.24408174038406     
   4.50699375000000        1.80399750000000       -1.19518531343039     
   4.80732666666667        1.80399750000000       -1.14254140411106     
   5.10765958333333        1.80399750000000       -1.09306403378310     
   5.40799250000000        1.80399750000000       -1.04981173397303     
   5.70832541666667        1.80399750000000       -1.01273710583524     
   6.00865833333333        1.80399750000000      -0.980040516140253     
   6.30899125000000        1.80399750000000      -0.948671039121989     
   6.60932416666667        1.80399750000000      -0.915593005631342     
   6.90965708333333        1.80399750000000      -0.879168737883758     
   7.20999000000000        1.80399750000000      -0.839172146545768     
  2.000000000000000E-003   2.10433041666667      -0.820509981421435     
  0.302332916666667        2.10433041666667      -0.856322094842937     
  0.602665833333333        2.10433041666667      -0.887627060901175     
  0.902998750000000        2.10433041666667      -0.914943418424337     
   1.20333166666667        2.10433041666667      -0.940057279151851     
   1.50366458333333        2.10433041666667      -0.964935829066025     
   1.80399750000000        2.10433041666667      -0.991421139149886     
   2.10433041666667        2.10433041666667       -1.02087526706319     
   2.40466333333333        2.10433041666667       -1.05343426435704     
   2.70499625000000        2.10433041666667       -1.08715282600240     
   3.00532916666667        2.10433041666667       -1.11773924222638     
   3.30566208333333        2.10433041666667       -1.13949271305451     
   3.60599500000000        2.10433041666667       -1.14741169713882     
   3.90632791666667        2.10433041666667       -1.13949176070584     
   4.20666083333333        2.10433041666667       -1.11773717664971     
   4.50699375000000        2.10433041666667       -1.08714919624463     
   4.80732666666667        2.10433041666667       -1.05342830583383     
   5.10765958333333        2.10433041666667       -1.02086619247192     
   5.40799250000000        2.10433041666667      -0.991408693347867     
   5.70832541666667        2.10433041666667      -0.964920809284888     
   6.00865833333333        2.10433041666667      -0.940041698499366     
   6.30899125000000        2.10433041666667      -0.914930152153667     
   6.60932416666667        2.10433041666667      -0.887618991805034     
   6.90965708333333        2.10433041666667      -0.856320929518179     
   7.20999000000000        2.10433041666667      -0.820512981372502     
  2.000000000000000E-003   2.40466333333333      -0.810432825523157     
  0.302332916666667        2.40466333333333      -0.841724870281516     
  0.602665833333333        2.40466333333333      -0.866708934581110     
  0.902998750000000        2.40466333333333      -0.887095500923797     
   1.20333166666667        2.40466333333333      -0.905187971098912     
   1.50366458333333        2.40466333333333      -0.922757138399092     
   1.80399750000000        2.40466333333333      -0.941004562423772     
   2.10433041666667        2.40466333333333      -0.960691661390612     
   2.40466333333333        2.40466333333333      -0.981843668824543     
   2.70499625000000        2.40466333333333       -1.00325549728391     
   3.00532916666667        2.40466333333333       -1.02234821365316     
   3.30566208333333        2.40466333333333       -1.03576603311614     
   3.60599500000000        2.40466333333333       -1.04062007777679     
   3.90632791666667        2.40466333333333       -1.03576624431141     
   4.20666083333333        2.40466333333333       -1.02234848858883     
   4.50699375000000        2.40466333333333       -1.00325542651770     
   4.80732666666667        2.40466333333333      -0.981842577263811     
   5.10765958333333        2.40466333333333      -0.960688947525587     
   5.40799250000000        2.40466333333333      -0.941000389935692     
   5.70832541666667        2.40466333333333      -0.922753238505425     
   6.00865833333333        2.40466333333333      -0.905188227723119     
   6.30899125000000        2.40466333333333      -0.887105936461707     
   6.60932416666667        2.40466333333333      -0.866736123499259     
   6.90965708333333        2.40466333333333      -0.841771004334682     
   7.20999000000000        2.40466333333333      -0.810489395544517     
  2.000000000000000E-003   2.70499625000000      -0.811265195172761     
  0.302332916666667        2.70499625000000      -0.838310088678481     
  0.602665833333333        2.70499625000000      -0.856145497215760     
  0.902998750000000        2.70499625000000      -0.866779643140067     
   1.20333166666667        2.70499625000000      -0.875589512380118     
   1.50366458333333        2.70499625000000      -0.885640667540180     
   1.80399750000000        2.70499625000000      -0.897198539524574     
   2.10433041666667        2.70499625000000      -0.910093556856520     
   2.40466333333333        2.70499625000000      -0.923903239146198     
   2.70499625000000        2.70499625000000      -0.937671903506859     
   3.00532916666667        2.70499625000000      -0.949766076944059     
   3.30566208333333        2.70499625000000      -0.958174603231867     
   3.60599500000000        2.70499625000000      -0.961200382135938     
   3.90632791666667        2.70499625000000      -0.958176550780803     
   4.20666083333333        2.70499625000000      -0.949769823817765     
   4.50699375000000        2.70499625000000      -0.937677010112825     
   4.80732666666667        2.70499625000000      -0.923908935755976     
   5.10765958333333        2.70499625000000      -0.910099085470937     
   5.40799250000000        2.70499625000000      -0.897203949328029     
   5.70832541666667        2.70499625000000      -0.885647928011553     
   6.00865833333333        2.70499625000000      -0.875603879664463     
   6.30899125000000        2.70499625000000      -0.866811478085330     
   6.60932416666667        2.70499625000000      -0.856208448593961     
   6.90965708333333        2.70499625000000      -0.838408175035393     
   7.20999000000000        2.70499625000000      -0.811381306960259     
  2.000000000000000E-003   3.00532916666667      -0.820150248467507     
  0.302332916666667        3.00532916666667      -0.843603652407338     
  0.602665833333333        3.00532916666667      -0.853588686415649     
  0.902998750000000        3.00532916666667      -0.852882967784400     
   1.20333166666667        3.00532916666667      -0.850068570463063     
   1.50366458333333        3.00532916666667      -0.851897500464945     
   1.80399750000000        3.00532916666667      -0.857670576649518     
   2.10433041666667        3.00532916666667      -0.865748747725328     
   2.40466333333333        3.00532916666667      -0.874970134910794     
   2.70499625000000        3.00532916666667      -0.884249346454948     
   3.00532916666667        3.00532916666667      -0.892338999838076     
   3.30566208333333        3.00532916666667      -0.897911727309306     
   3.60599500000000        3.00532916666667      -0.899906899694823     
   3.90632791666667        3.00532916666667      -0.897915653522717     
   4.20666083333333        3.00532916666667      -0.892346663351797     
   4.50699375000000        3.00532916666667      -0.884260179911623     
   4.80732666666667        3.00532916666667      -0.874983085473471     
   5.10765958333333        3.00532916666667      -0.865762566301538     
   5.40799250000000        3.00532916666667      -0.857684614780136     
   5.70832541666667        3.00532916666667      -0.851912954542326     
   6.00865833333333        3.00532916666667      -0.850090511051041     
   6.30899125000000        3.00532916666667      -0.852924035138286     
   6.60932416666667        3.00532916666667      -0.853667235833282     
   6.90965708333333        3.00532916666667      -0.843731675536949     
   7.20999000000000        3.00532916666667      -0.820304251164803     
  2.000000000000000E-003   3.30566208333333      -0.829416027495031     
  0.302332916666667        3.30566208333333      -0.850295880871952     
  0.602665833333333        3.30566208333333      -0.852161149682220     
  0.902998750000000        3.30566208333333      -0.839221591088026     
   1.20333166666667        3.30566208333333      -0.825517796999467     
   1.50366458333333        3.30566208333333      -0.819319849136884     
   1.80399750000000        3.30566208333333      -0.820224114061788     
   2.10433041666667        3.30566208333333      -0.824807112959963     
   2.40466333333333        3.30566208333333      -0.831138704890552     
   2.70499625000000        3.30566208333333      -0.837858366314606     
   3.00532916666667        3.30566208333333      -0.843784791651506     
   3.30566208333333        3.30566208333333      -0.847862918297068     
   3.60599500000000        3.30566208333333      -0.849320078941251     
   3.90632791666667        3.30566208333333      -0.847868657253081     
   4.20666083333333        3.30566208333333      -0.843796005969370     
   4.50699375000000        3.30566208333333      -0.837874295624170     
   4.80732666666667        3.30566208333333      -0.831157909883837     
   5.10765958333333        3.30566208333333      -0.824827666325944     
   5.40799250000000        3.30566208333333      -0.820244244156935     
   5.70832541666667        3.30566208333333      -0.819338837102270     
   6.00865833333333        3.30566208333333      -0.825537152251217     
   6.30899125000000        3.30566208333333      -0.839248948947724     
   6.60932416666667        3.30566208333333      -0.852214141410515     
   6.90965708333333        3.30566208333333      -0.850393938140154     
   7.20999000000000        3.30566208333333      -0.829538586155452     
  2.000000000000000E-003   3.60599500000000      -0.833506918835172     
  0.302332916666667        3.60599500000000      -0.842960492136652     
  0.602665833333333        3.60599500000000      -0.837746208884811     
  0.902998750000000        3.60599500000000      -0.817074777325952     
   1.20333166666667        3.60599500000000      -0.797040562972313     
   1.50366458333333        3.60599500000000      -0.785940273116700     
   1.80399750000000        3.60599500000000      -0.783577918806814     
   2.10433041666667        3.60599500000000      -0.785765555982905     
   2.40466333333333        3.60599500000000      -0.790222710838451     
   2.70499625000000        3.60599500000000      -0.795428012071520     
   3.00532916666667        3.60599500000000      -0.800173716599779     
   3.30566208333333        3.60599500000000      -0.803476448380447     
   3.60599500000000        3.60599500000000      -0.804660951841898     
   3.90632791666667        3.60599500000000      -0.803483537989081     
   4.20666083333333        3.60599500000000      -0.800187551565242     
   4.50699375000000        3.60599500000000      -0.795447645665971     
   4.80732666666667        3.60599500000000      -0.790246357513543     
   5.10765958333333        3.60599500000000      -0.785790679571907     
   5.40799250000000        3.60599500000000      -0.783601645332244     
   5.70832541666667        3.60599500000000      -0.785959621429622     
   6.00865833333333        3.60599500000000      -0.797051442697972     
   6.30899125000000        3.60599500000000      -0.817076450457053     
   6.60932416666667        3.60599500000000      -0.837749236114217     
   6.90965708333333        3.60599500000000      -0.842988597811126     
   7.20999000000000        3.60599500000000      -0.833553446102148     
  2.000000000000000E-003   3.90632791666667      -0.787635292903376     
  0.302332916666667        3.90632791666667      -0.804392104849387     
  0.602665833333333        3.90632791666667      -0.800461128514519     
  0.902998750000000        3.90632791666667      -0.781557787383297     
   1.20333166666667        3.90632791666667      -0.762389844522405     
   1.50366458333333        3.90632791666667      -0.751188342797914     
   1.80399750000000        3.90632791666667      -0.747694671120240     
   2.10433041666667        3.90632791666667      -0.748563413896222     
   2.40466333333333        3.90632791666667      -0.751824890317349     
   2.70499625000000        3.90632791666667      -0.756052793418541     
   3.00532916666667        3.90632791666667      -0.760070492913444     
   3.30566208333333        3.90632791666667      -0.762919210770102     
   3.60599500000000        3.90632791666667      -0.763948877181009     
   3.90632791666667        3.90632791666667      -0.762927104872796     
   4.20666083333333        3.90632791666667      -0.760085888950341     
   4.50699375000000        3.90632791666667      -0.756074647897630     
   4.80732666666667        3.90632791666667      -0.751851254873977     
   5.10765958333333        3.90632791666667      -0.748591465389290     
   5.40799250000000        3.90632791666667      -0.747720985902383     
   5.70832541666667        3.90632791666667      -0.751208801039392     
   6.00865833333333        3.90632791666667      -0.762397588008321     
   6.30899125000000        3.90632791666667      -0.781547306778914     
   6.60932416666667        3.90632791666667      -0.800441538783257     
   6.90965708333333        3.90632791666667      -0.804396826108203     
   7.20999000000000        3.90632791666667      -0.787690297979256     
  2.000000000000000E-003   4.20666083333333      -0.735948457428730     
  0.302332916666667        4.20666083333333      -0.749857541399674     
  0.602665833333333        4.20666083333333      -0.748949979673150     
  0.902998750000000        4.20666083333333      -0.737336416055098     
   1.20333166666667        4.20666083333333      -0.724196147416062     
   1.50366458333333        4.20666083333333      -0.716387307901977     
   1.80399750000000        4.20666083333333      -0.713515523642805     
   2.10433041666667        4.20666083333333      -0.714014329476159     
   2.40466333333333        4.20666083333333      -0.716619535700991     
   2.70499625000000        4.20666083333333      -0.720202990972531     
   3.00532916666667        4.20666083333333      -0.723714274479890     
   3.30566208333333        4.20666083333333      -0.726246191762561     
   3.60599500000000        4.20666083333333      -0.727168621622566     
   3.90632791666667        4.20666083333333      -0.726254444849215     
   4.20666083333333        4.20666083333333      -0.723730410627428     
   4.50699375000000        4.20666083333333      -0.720226025545170     
   4.80732666666667        4.20666083333333      -0.716647625879996     
   5.10765958333333        4.20666083333333      -0.714044796491472     
   5.40799250000000        4.20666083333333      -0.713545137611934     
   5.70832541666667        4.20666083333333      -0.716412408361769     
   6.00865833333333        4.20666083333333      -0.724211815467845     
   6.30899125000000        4.20666083333333      -0.737337507084668     
   6.60932416666667        4.20666083333333      -0.748945922938572     
   6.90965708333333        4.20666083333333      -0.749873385505897     
   7.20999000000000        4.20666083333333      -0.736000107371830     
  2.000000000000000E-003   4.50699375000000      -0.682467915211475     
  0.302332916666667        4.50699375000000      -0.695262258244880     
  0.602665833333333        4.50699375000000      -0.697985829801620     
  0.902998750000000        4.50699375000000      -0.693529882796175     
   1.20333166666667        4.50699375000000      -0.687603066557904     
   1.50366458333333        4.50699375000000      -0.683662434356528     
   1.80399750000000        4.50699375000000      -0.682223749279882     
   2.10433041666667        4.50699375000000      -0.683002212289202     
   2.40466333333333        4.50699375000000      -0.685398034129830     
   2.70499625000000        4.50699375000000      -0.688628118740357     
   3.00532916666667        4.50699375000000      -0.691816435736453     
   3.30566208333333        4.50699375000000      -0.694135404637231     
   3.60599500000000        4.50699375000000      -0.694984614819521     
   3.90632791666667        4.50699375000000      -0.694143742155968     
   4.20666083333333        4.50699375000000      -0.691832859630328     
   4.50699375000000        4.50699375000000      -0.688651892480822     
   4.80732666666667        4.50699375000000      -0.685427695965359     
   5.10765958333333        4.50699375000000      -0.683035592378986     
   5.40799250000000        4.50699375000000      -0.682258306336740     
   5.70832541666667        4.50699375000000      -0.683695701422724     
   6.00865833333333        4.50699375000000      -0.687632974323655     
   6.30899125000000        4.50699375000000      -0.693555537724140     
   6.60932416666667        4.50699375000000      -0.698013099082133     
   6.90965708333333        4.50699375000000      -0.695305792857735     
   7.20999000000000        4.50699375000000      -0.682535992131599     
  2.000000000000000E-003   4.80732666666667      -0.637434181459749     
  0.302332916666667        4.80732666666667      -0.649953744838037     
  0.602665833333333        4.80732666666667      -0.655646323768957     
  0.902998750000000        4.80732666666667      -0.656600683435843     
   1.20333166666667        4.80732666666667      -0.655567986855075     
   1.50366458333333        4.80732666666667      -0.654557485568504     
   1.80399750000000        4.80732666666667      -0.654581132957251     
   2.10433041666667        4.80732666666667      -0.655939341230727     
   2.40466333333333        4.80732666666667      -0.658458615842636     
   2.70499625000000        4.80732666666667      -0.661626816449230     
   3.00532916666667        4.80732666666667      -0.664718551622065     
   3.30566208333333        4.80732666666667      -0.666970518797772     
   3.60599500000000        4.80732666666667      -0.667797312335869     
   3.90632791666667        4.80732666666667      -0.666978789986459     
   4.20666083333333        4.80732666666667      -0.664735071434831     
   4.50699375000000        4.80732666666667      -0.661651288101491     
   4.80732666666667        4.80732666666667      -0.658490187599845     
   5.10765958333333        4.80732666666667      -0.655976566580857     
   5.40799250000000        4.80732666666667      -0.654622287765558     
   5.70832541666667        4.80732666666667      -0.654601143391983     
   6.00865833333333        4.80732666666667      -0.655613690742234     
   6.30899125000000        4.80732666666667      -0.656649764815994     
   6.60932416666667        4.80732666666667      -0.655702980580090     
   6.90965708333333        4.80732666666667      -0.650024653935926     
   7.20999000000000        4.80732666666667      -0.637522467054904     
  2.000000000000000E-003   5.10765958333333      -0.604362927302098     
  0.302332916666667        5.10765958333333      -0.616609373754645     
  0.602665833333333        5.10765958333333      -0.623941810564805     
  0.902998750000000        5.10765958333333      -0.627503514796408     
   1.20333166666667        5.10765958333333      -0.628907012652077     
   1.50366458333333        5.10765958333333      -0.629650728258795     
   1.80399750000000        5.10765958333333      -0.630751010160074     
   2.10433041666667        5.10765958333333      -0.632709481068628     
   2.40466333333333        5.10765958333333      -0.635568670066567     
   2.70499625000000        5.10765958333333      -0.638974529500807     
   3.00532916666667        5.10765958333333      -0.642272450324404     
   3.30566208333333        5.10765958333333      -0.644685813816962     
   3.60599500000000        5.10765958333333      -0.645575818093337     
   3.90632791666667        5.10765958333333      -0.644693884534819     
   4.20666083333333        5.10765958333333      -0.642288915559846     
   4.50699375000000        5.10765958333333      -0.638999712108127     
   4.80732666666667        5.10765958333333      -0.635602495849535     
   5.10765958333333        5.10765958333333      -0.632751310814359     
   5.40799250000000        5.10765958333333      -0.630799849438097     
   5.70832541666667        5.10765958333333      -0.629705763847507     
   6.00865833333333        5.10765958333333      -0.628968289286161     
   6.30899125000000        5.10765958333333      -0.627572485428487     
   6.60932416666667        5.10765958333333      -0.624021232798521     
   6.90965708333333        5.10765958333333      -0.616701456045853     
   7.20999000000000        5.10765958333333      -0.604467905281391     
  2.000000000000000E-003   5.40799250000000      -0.581373645951059     
  0.302332916666667        5.40799250000000      -0.593030574696731     
  0.602665833333333        5.40799250000000      -0.600697591636794     
  0.902998750000000        5.40799250000000      -0.605113438293348     
   1.20333166666667        5.40799250000000      -0.607419007808531     
   1.50366458333333        5.40799250000000      -0.608845543917170     
   1.80399750000000        5.40799250000000      -0.610487392637731     
   2.10433041666667        5.40799250000000      -0.612921082032731     
   2.40466333333333        5.40799250000000      -0.616287031163829     
   2.70499625000000        5.40799250000000      -0.620296773043108     
   3.00532916666667        5.40799250000000      -0.624258088051446     
   3.30566208333333        5.40799250000000      -0.627224559534299     
   3.60599500000000        5.40799250000000      -0.628334195632792     
   3.90632791666667        5.40799250000000      -0.627232187188520     
   4.20666083333333        5.40799250000000      -0.624274174110645     
   4.50699375000000        5.40799250000000      -0.620322455913945     
   4.80732666666667        5.40799250000000      -0.616323135348990     
   5.10765958333333        5.40799250000000      -0.612967780848560     
   5.40799250000000        5.40799250000000      -0.610544282971814     
   5.70832541666667        5.40799250000000      -0.608912087573347     
   6.00865833333333        5.40799250000000      -0.607495127860675     
   6.30899125000000        5.40799250000000      -0.605199326868481     
   6.60932416666667        5.40799250000000      -0.600793750355130     
   6.90965708333333        5.40799250000000      -0.593137439288122     
   7.20999000000000        5.40799250000000      -0.581490373916703     
  2.000000000000000E-003   5.70832541666667      -0.565798143055299     
  0.302332916666667        5.70832541666667      -0.576623126999234     
  0.602665833333333        5.70832541666667      -0.583754117175780     
  0.902998750000000        5.70832541666667      -0.587901467500386     
   1.20333166666667        5.70832541666667      -0.590151352855667     
   1.50366458333333        5.70832541666667      -0.591631168570216     
   1.80399750000000        5.70832541666667      -0.593331492771854     
   2.10433041666667        5.70832541666667      -0.596119210230780     
   2.40466333333333        5.70832541666667      -0.600233523202932     
   2.70499625000000        5.70832541666667      -0.605424669661430     
   3.00532916666667        5.70832541666667      -0.610871958061862     
   3.30566208333333        5.70832541666667      -0.615184793170694     
   3.60599500000000        5.70832541666667      -0.616853879359596     
   3.90632791666667        5.70832541666667      -0.615191411661313     
   4.20666083333333        5.70832541666667      -0.610886912163572     
   4.50699375000000        5.70832541666667      -0.605450250809453     
   4.80732666666667        5.70832541666667      -0.600271551390948     
   5.10765958333333        5.70832541666667      -0.596170616054857     
   5.40799250000000        5.70832541666667      -0.593396353317362     
   5.70832541666667        5.70832541666667      -0.591708890093687     
   6.00865833333333        5.70832541666667      -0.590240527661031     
   6.30899125000000        5.70832541666667      -0.588000832649435     
   6.60932416666667        5.70832541666667      -0.583862824982313     
   6.90965708333333        5.70832541666667      -0.576740477456887     
   7.20999000000000        5.70832541666667      -0.565922869193230     
  2.000000000000000E-003   6.00865833333333      -0.556306524123178     
  0.302332916666667        6.00865833333333      -0.565961995801276     
  0.602665833333333        6.00865833333333      -0.571678388005408     
  0.902998750000000        6.00865833333333      -0.574521003527979     
   1.20333166666667        6.00865833333333      -0.575864780220364     
   1.50366458333333        6.00865833333333      -0.576921755740729     
   1.80399750000000        6.00865833333333      -0.578599946690251     
   2.10433041666667        6.00865833333333      -0.581744962919789     
   2.40466333333333        6.00865833333333      -0.587024827467057     
   2.70499625000000        6.00865833333333      -0.594371446346731     
   3.00532916666667        6.00865833333333      -0.602932338275153     
   3.30566208333333        6.00865833333333      -0.610460382849424     
   3.60599500000000        6.00865833333333      -0.613509876538519     
   3.90632791666667        6.00865833333333      -0.610464429311171     
   4.20666083333333        6.00865833333333      -0.602944383302801     
   4.50699375000000        6.00865833333333      -0.594395731953045     
   4.80732666666667        6.00865833333333      -0.587064148016113     
   5.10765958333333        6.00865833333333      -0.581800808391936     
   5.40799250000000        6.00865833333333      -0.578672733685579     
   5.70832541666667        6.00865833333333      -0.577009763843674     
   6.00865833333333        6.00865833333333      -0.575965639944183     
   6.30899125000000        6.00865833333333      -0.574632479832299     
   6.60932416666667        6.00865833333333      -0.571799025117617     
   6.90965708333333        6.00865833333333      -0.566090661782682     
   7.20999000000000        6.00865833333333      -0.556440856420382     
  2.000000000000000E-003   6.30899125000000      -0.552600792144253     
  0.302332916666667        6.30899125000000      -0.560335724297411     
  0.602665833333333        6.30899125000000      -0.563338933177598     
  0.902998750000000        6.30899125000000      -0.563621675939952     
   1.20333166666667        6.30899125000000      -0.563247790572733     
   1.50366458333333        6.30899125000000      -0.563505681016891     
   1.80399750000000        6.30899125000000      -0.565150270628613     
   2.10433041666667        6.30899125000000      -0.568911867686328     
   2.40466333333333        6.30899125000000      -0.575887657104643     
   2.70499625000000        6.30899125000000      -0.586780470920106     
   3.00532916666667        6.30899125000000      -0.600650593646278     
   3.30566208333333        6.30899125000000      -0.613080817138835     
   3.60599500000000        6.30899125000000      -0.618240589384036     
   3.90632791666667        6.30899125000000      -0.613079691647383     
   4.20666083333333        6.30899125000000      -0.600656195533609     
   4.50699375000000        6.30899125000000      -0.586801366739547     
   4.80732666666667        6.30899125000000      -0.575927491196734     
   5.10765958333333        6.30899125000000      -0.568972060656473     
   5.40799250000000        6.30899125000000      -0.565230520562991     
   5.70832541666667        6.30899125000000      -0.563603377525355     
   6.00865833333333        6.30899125000000      -0.563360096020382     
   6.30899125000000        6.30899125000000      -0.563745890389495     
   6.60932416666667        6.30899125000000      -0.563474433525433     
   6.90965708333333        6.30899125000000      -0.560483164498534     
   7.20999000000000        6.30899125000000      -0.552754632870346     
  2.000000000000000E-003   6.60932416666667      -0.554438896151365     
  0.302332916666667        6.60932416666667      -0.558905029415303     
  0.602665833333333        6.60932416666667      -0.557166969069319     
  0.902998750000000        6.60932416666667      -0.553449856153622     
   1.20333166666667        6.60932416666667      -0.550745446604925     
   1.50366458333333        6.60932416666667      -0.550048422022718     
   1.80399750000000        6.60932416666667      -0.551682674590320     
   2.10433041666667        6.60932416666667      -0.556267383258157     
   2.40466333333333        6.60932416666667      -0.565233081759607     
   2.70499625000000        6.60932416666667      -0.580109306330373     
   3.00532916666667        6.60932416666667      -0.599180189380557     
   3.30566208333333        6.60932416666667      -0.617288361163107     
   3.60599500000000        6.60932416666667      -0.625204035883735     
   3.90632791666667        6.60932416666667      -0.617280609003446     
   4.20666083333333        6.60932416666667      -0.599177251833775     
   4.50699375000000        6.60932416666667      -0.580124794983254     
   4.80732666666667        6.60932416666667      -0.565272762848635     
   5.10765958333333        6.60932416666667      -0.556331880951184     
   5.40799250000000        6.60932416666667      -0.551769693244235     
   5.70832541666667        6.60932416666667      -0.550155434634137     
   6.00865833333333        6.60932416666667      -0.550869770525030     
   6.30899125000000        6.60932416666667      -0.553588797822140     
   6.60932416666667        6.60932416666667      -0.557321397461378     
   6.90965708333333        6.60932416666667      -0.559081184619919     
   7.20999000000000        6.60932416666667      -0.554626351093687     
  2.000000000000000E-003   6.90965708333333      -0.557295565351245     
  0.302332916666667        6.90965708333333      -0.558243470218444     
  0.602665833333333        6.90965708333333      -0.550017052031719     
  0.902998750000000        6.90965708333333      -0.541678793667805     
   1.20333166666667        6.90965708333333      -0.536778313197097     
   1.50366458333333        6.90965708333333      -0.535306409603981     
   1.80399750000000        6.90965708333333      -0.536969740676014     
   2.10433041666667        6.90965708333333      -0.542224503582715     
   2.40466333333333        6.90965708333333      -0.552773923162165     
   2.70499625000000        6.90965708333333      -0.570102119642779     
   3.00532916666667        6.90965708333333      -0.592251440342657     
   3.30566208333333        6.90965708333333      -0.613297861648713     
   3.60599500000000        6.90965708333333      -0.623384554718598     
   3.90632791666667        6.90965708333333      -0.613285725422050     
   4.20666083333333        6.90965708333333      -0.592241009842061     
   4.50699375000000        6.90965708333333      -0.570112979837759     
   4.80732666666667        6.90965708333333      -0.552813430281110     
   5.10765958333333        6.90965708333333      -0.542292390021913     
   5.40799250000000        6.90965708333333      -0.537062399230433     
   5.70832541666667        6.90965708333333      -0.535421657795027     
   6.00865833333333        6.90965708333333      -0.536914737287542     
   6.30899125000000        6.90965708333333      -0.541835276795327     
   6.60932416666667        6.90965708333333      -0.550193828361308     
   6.90965708333333        6.90965708333333      -0.558442662231336     
   7.20999000000000        6.90965708333333      -0.557503354180154     
  2.000000000000000E-003   7.20999000000000      -0.551808053885525     
  0.302332916666667        7.20999000000000      -0.549562114826505     
  0.602665833333333        7.20999000000000      -0.537684394767904     
  0.902998750000000        7.20999000000000      -0.526498676950999     
   1.20333166666667        7.20999000000000      -0.520390663781354     
   1.50366458333333        7.20999000000000      -0.518538718021216     
   1.80399750000000        7.20999000000000      -0.520166485815283     
   2.10433041666667        7.20999000000000      -0.525635174490663     
   2.40466333333333        7.20999000000000      -0.536649314243434     
   2.70499625000000        7.20999000000000      -0.554519930118911     
   3.00532916666667        7.20999000000000      -0.576876768633452     
   3.30566208333333        7.20999000000000      -0.597357965305166     
   3.60599500000000        7.20999000000000      -0.613200568449398     
   3.90632791666667        7.20999000000000      -0.597347100277748     
   4.20666083333333        7.20999000000000      -0.576863969743492     
   4.50699375000000        7.20999000000000      -0.554529556830491     
   4.80732666666667        7.20999000000000      -0.536689431484567     
   5.10765958333333        7.20999000000000      -0.525705313941146     
   5.40799250000000        7.20999000000000      -0.520262350702609     
   5.70832541666667        7.20999000000000      -0.518658773040057     
   6.00865833333333        7.20999000000000      -0.520535056037913     
   6.30899125000000        7.20999000000000      -0.526669837512344     
   6.60932416666667        7.20999000000000      -0.537886096697826     
   6.90965708333333        7.20999000000000      -0.549783307669653     
   7.20999000000000        7.20999000000000      -0.552014381473916     
