  2.000000000000000E-003  2.000000000000000E-003  -2.97074516027858     
  0.302332916666667       2.000000000000000E-003  -2.83761352460732     
  0.602665833333333       2.000000000000000E-003  -2.44261109131366     
  0.902998750000000       2.000000000000000E-003  -2.04324298942631     
   1.20333166666667       2.000000000000000E-003  -1.74235083042177     
   1.50366458333333       2.000000000000000E-003  -1.52558109201575     
   1.80399750000000       2.000000000000000E-003  -1.36697224717003     
   2.10433041666667       2.000000000000000E-003  -1.25009961023461     
   2.40466333333333       2.000000000000000E-003  -1.16861397654609     
   2.70499625000000       2.000000000000000E-003  -1.11991315099161     
   3.00532916666667       2.000000000000000E-003  -1.09495681867065     
   3.30566208333333       2.000000000000000E-003  -1.07947201995594     
   3.60599500000000       2.000000000000000E-003  -1.06375865281972     
   3.90632791666667       2.000000000000000E-003 -0.979216292914954     
   4.20666083333333       2.000000000000000E-003 -0.892215037717202     
   4.50699375000000       2.000000000000000E-003 -0.807973574517753     
   4.80732666666667       2.000000000000000E-003 -0.738017651335868     
   5.10765958333333       2.000000000000000E-003 -0.685673917557114     
   5.40799250000000       2.000000000000000E-003 -0.647805323621301     
   5.70832541666667       2.000000000000000E-003 -0.620687006775377     
   6.00865833333333       2.000000000000000E-003 -0.602110660448330     
   6.30899125000000       2.000000000000000E-003 -0.590950137130257     
   6.60932416666667       2.000000000000000E-003 -0.586194701776513     
   6.90965708333333       2.000000000000000E-003 -0.583163612386863     
   7.20999000000000       2.000000000000000E-003 -0.573575249662423     
  2.000000000000000E-003  0.302332916666667       -2.83762350752462     
  0.302332916666667       0.302332916666667       -2.72199197531194     
  0.602665833333333       0.302332916666667       -2.36391303138415     
  0.902998750000000       0.302332916666667       -1.99853612182351     
   1.20333166666667       0.302332916666667       -1.71675671938927     
   1.50366458333333       0.302332916666667       -1.50979855459353     
   1.80399750000000       0.302332916666667       -1.35648621874220     
   2.10433041666667       0.302332916666667       -1.24236921627513     
   2.40466333333333       0.302332916666667       -1.16210221910846     
   2.70499625000000       0.302332916666667       -1.11351171506806     
   3.00532916666667       0.302332916666667       -1.08898045804442     
   3.30566208333333       0.302332916666667       -1.07505617124481     
   3.60599500000000       0.302332916666667       -1.04641473794526     
   3.90632791666667       0.302332916666667      -0.975354509998847     
   4.20666083333333       0.302332916666667      -0.887356970753268     
   4.50699375000000       0.302332916666667      -0.804150900924227     
   4.80732666666667       0.302332916666667      -0.736063731612523     
   5.10765958333333       0.302332916666667      -0.685182034378416     
   5.40799250000000       0.302332916666667      -0.648117109954156     
   5.70832541666667       0.302332916666667      -0.621339000940583     
   6.00865833333333       0.302332916666667      -0.602642530193286     
   6.30899125000000       0.302332916666667      -0.590687102806605     
   6.60932416666667       0.302332916666667      -0.584022456224241     
   6.90965708333333       0.302332916666667      -0.578080913056146     
   7.20999000000000       0.302332916666667      -0.564787085858275     
  2.000000000000000E-003  0.602665833333333       -2.44262155641927     
  0.302332916666667       0.602665833333333       -2.36391886375425     
  0.602665833333333       0.602665833333333       -2.13463093488061     
  0.902998750000000       0.602665833333333       -1.86707590485594     
   1.20333166666667       0.602665833333333       -1.63742078952664     
   1.50366458333333       0.602665833333333       -1.45743164196341     
   1.80399750000000       0.602665833333333       -1.31865690914123     
   2.10433041666667       0.602665833333333       -1.21254522804166     
   2.40466333333333       0.602665833333333       -1.13548432506825     
   2.70499625000000       0.602665833333333       -1.08615917334383     
   3.00532916666667       0.602665833333333       -1.05821385973101     
   3.30566208333333       0.602665833333333       -1.03893653995686     
   3.60599500000000       0.602665833333333       -1.00520038296328     
   3.90632791666667       0.602665833333333      -0.941546414335053     
   4.20666083333333       0.602665833333333      -0.861642839060848     
   4.50699375000000       0.602665833333333      -0.785985987374237     
   4.80732666666667       0.602665833333333      -0.724104689545319     
   5.10765958333333       0.602665833333333      -0.677457473948725     
   5.40799250000000       0.602665833333333      -0.642741781192842     
   5.70832541666667       0.602665833333333      -0.617022949727699     
   6.00865833333333       0.602665833333333      -0.598179937707148     
   6.30899125000000       0.602665833333333      -0.584459725300524     
   6.60932416666667       0.602665833333333      -0.573562730447747     
   6.90965708333333       0.602665833333333      -0.561545087563923     
   7.20999000000000       0.602665833333333      -0.545581963962266     
  2.000000000000000E-003  0.902998750000000       -2.04324950135631     
  0.302332916666667       0.902998750000000       -1.99854109826008     
  0.602665833333333       0.902998750000000       -1.86707793356214     
  0.902998750000000       0.902998750000000       -1.69382387828837     
   1.20333166666667       0.902998750000000       -1.52488062594019     
   1.50366458333333       0.902998750000000       -1.37971285273345     
   1.80399750000000       0.902998750000000       -1.26096607504933     
   2.10433041666667       0.902998750000000       -1.16623966409522     
   2.40466333333333       0.902998750000000       -1.09383219043436     
   2.70499625000000       0.902998750000000       -1.04221217028874     
   3.00532916666667       0.902998750000000       -1.00720334904914     
   3.30566208333333       0.902998750000000      -0.977814376484372     
   3.60599500000000       0.902998750000000      -0.939607971407275     
   3.90632791666667       0.902998750000000      -0.884649508513015     
   4.20666083333333       0.902998750000000      -0.819617045939994     
   4.50699375000000       0.902998750000000      -0.757009713463057     
   4.80732666666667       0.902998750000000      -0.705004057284726     
   5.10765958333333       0.902998750000000      -0.664321951861577     
   5.40799250000000       0.902998750000000      -0.632949209880236     
   5.70832541666667       0.902998750000000      -0.608902574382304     
   6.00865833333333       0.902998750000000      -0.590238651484499     
   6.30899125000000       0.902998750000000      -0.575028307304049     
   6.60932416666667       0.902998750000000      -0.560975868494352     
   6.90965708333333       0.902998750000000      -0.545543783857344     
   7.20999000000000       0.902998750000000      -0.527608757502801     
  2.000000000000000E-003   1.20333166666667       -1.74235510113474     
  0.302332916666667        1.20333166666667       -1.71676056927880     
  0.602665833333333        1.20333166666667       -1.63742331019862     
  0.902998750000000        1.20333166666667       -1.52488167892424     
   1.20333166666667        1.20333166666667       -1.40394858297928     
   1.50366458333333        1.20333166666667       -1.29106572444661     
   1.80399750000000        1.20333166666667       -1.19287558986868     
   2.10433041666667        1.20333166666667       -1.11061284323798     
   2.40466333333333        1.20333166666667       -1.04397471973732     
   2.70499625000000        1.20333166666667      -0.991541662732474     
   3.00532916666667        1.20333166666667      -0.950067774217612     
   3.30566208333333        1.20333166666667      -0.913476857213954     
   3.60599500000000        1.20333166666667      -0.873465062179750     
   3.90632791666667        1.20333166666667      -0.825979696060371     
   4.20666083333333        1.20333166666667      -0.774232666267217     
   4.50699375000000        1.20333166666667      -0.725123278170603     
   4.80732666666667        1.20333166666667      -0.682751249248666     
   5.10765958333333        1.20333166666667      -0.648095661374907     
   5.40799250000000        1.20333166666667      -0.620459697998903     
   5.70832541666667        1.20333166666667      -0.598514234219906     
   6.00865833333333        1.20333166666667      -0.580621986298183     
   6.30899125000000        1.20333166666667      -0.565007185196686     
   6.60932416666667        1.20333166666667      -0.549798764576428     
   6.90965708333333        1.20333166666667      -0.533381818498479     
   7.20999000000000        1.20333166666667      -0.515057795194052     
  2.000000000000000E-003   1.50366458333333       -1.52558507120879     
  0.302332916666667        1.50366458333333       -1.50980232612375     
  0.602665833333333        1.50366458333333       -1.45743439588161     
  0.902998750000000        1.50366458333333       -1.37971412823841     
   1.20333166666667        1.50366458333333       -1.29106575502855     
   1.50366458333333        1.50366458333333       -1.20324029288507     
   1.80399750000000        1.50366458333333       -1.12266142264882     
   2.10433041666667        1.50366458333333       -1.05187561367125     
   2.40466333333333        1.50366458333333      -0.991687899387930     
   2.70499625000000        1.50366458333333      -0.941256170718948     
   3.00532916666667        1.50366458333333      -0.898128153650194     
   3.30566208333333        1.50366458333333      -0.858610018802862     
   3.60599500000000        1.50366458333333      -0.818962179976851     
   3.90632791666667        1.50366458333333      -0.777442426068420     
   4.20666083333333        1.50366458333333      -0.735335998462027     
   4.50699375000000        1.50366458333333      -0.695538059747428     
   4.80732666666667        1.50366458333333      -0.660432357138758     
   5.10765958333333        1.50366458333333      -0.630984825473952     
   5.40799250000000        1.50366458333333      -0.606926417168571     
   5.70832541666667        1.50366458333333      -0.587290439897099     
   6.00865833333333        1.50366458333333      -0.570724929584299     
   6.30899125000000        1.50366458333333      -0.555716713815088     
   6.60932416666667        1.50366458333333      -0.540760762218922     
   6.90965708333333        1.50366458333333      -0.524647600907837     
   7.20999000000000        1.50366458333333      -0.506769557320167     
  2.000000000000000E-003   1.80399750000000       -1.36697679284858     
  0.302332916666667        1.80399750000000       -1.35649030852794     
  0.602665833333333        1.80399750000000       -1.31865942202104     
  0.902998750000000        1.80399750000000       -1.26096635888117     
   1.20333166666667        1.80399750000000       -1.19287393654125     
   1.50366458333333        1.80399750000000       -1.12265939301407     
   1.80399750000000        1.80399750000000       -1.05556125699347     
   2.10433041666667        1.80399750000000      -0.994557282478603     
   2.40466333333333        1.80399750000000      -0.940839086275321     
   2.70499625000000        1.80399750000000      -0.894003464787323     
   3.00532916666667        1.80399750000000      -0.852422268739455     
   3.30566208333333        1.80399750000000      -0.813867263629360     
   3.60599500000000        1.80399750000000      -0.776401467864235     
   3.90632791666667        1.80399750000000      -0.739260042549260     
   4.20666083333333        1.80399750000000      -0.703121795396341     
   4.50699375000000        1.80399750000000      -0.669497698517966     
   4.80732666666667        1.80399750000000      -0.639766585397410     
   5.10765958333333        1.80399750000000      -0.614557562690252     
   5.40799250000000        1.80399750000000      -0.593670927978016     
   5.70832541666667        1.80399750000000      -0.576329140736115     
   6.00865833333333        1.80399750000000      -0.561469776455167     
   6.30899125000000        1.80399750000000      -0.547794396033128     
   6.60932416666667        1.80399750000000      -0.533966833017297     
   6.90965708333333        1.80399750000000      -0.518866179276927     
   7.20999000000000        1.80399750000000      -0.501785803128995     
  2.000000000000000E-003   2.10433041666667       -1.25010472586260     
  0.302332916666667        2.10433041666667       -1.24237333507224     
  0.602665833333333        2.10433041666667       -1.21254670830897     
  0.902998750000000        2.10433041666667       -1.16623758545276     
   1.20333166666667        2.10433041666667       -1.11060775774504     
   1.50366458333333        2.10433041666667       -1.05186951818140     
   1.80399750000000        2.10433041666667      -0.994552971090506     
   2.10433041666667        2.10433041666667      -0.941415399590965     
   2.40466333333333        2.10433041666667      -0.893587619906804     
   2.70499625000000        2.10433041666667      -0.850860637827030     
   3.00532916666667        2.10433041666667      -0.812132301572289     
   3.30566208333333        2.10433041666667      -0.775997950842952     
   3.60599500000000        2.10433041666667      -0.741373874780774     
   3.90632791666667        2.10433041666667      -0.707941626769472     
   4.20666083333333        2.10433041666667      -0.676195898671692     
   4.50699375000000        2.10433041666667      -0.647075493697967     
   4.80732666666667        2.10433041666667      -0.621429977005893     
   5.10765958333333        2.10433041666667      -0.599640104735966     
   5.40799250000000        2.10433041666667      -0.581529242560034     
   5.70832541666667        2.10433041666667      -0.566487265009268     
   6.00865833333333        2.10433041666667      -0.553632966104903     
   6.30899125000000        2.10433041666667      -0.541884524137393     
   6.60932416666667        2.10433041666667      -0.529954854929679     
   6.90965708333333        2.10433041666667      -0.516462991077909     
   7.20999000000000        2.10433041666667      -0.500441804404427     
  2.000000000000000E-003   2.40466333333333       -1.16861982574717     
  0.302332916666667        2.40466333333333       -1.16210655217687     
  0.602665833333333        2.40466333333333       -1.13548484465706     
  0.902998750000000        2.40466333333333       -1.09382749869203     
   1.20333166666667        2.40466333333333       -1.04396540011747     
   1.50366458333333        2.40466333333333      -0.991676521442063     
   1.80399750000000        2.40466333333333      -0.940829136379001     
   2.10433041666667        2.40466333333333      -0.893582029905160     
   2.40466333333333        2.40466333333333      -0.850713574326664     
   2.70499625000000        2.40466333333333      -0.811967602245073     
   3.00532916666667        2.40466333333333      -0.776480877056572     
   3.30566208333333        2.40466333333333      -0.743271318802946     
   3.60599500000000        2.40466333333333      -0.711673292712727     
   3.90632791666667        2.40466333333333      -0.681578388290931     
   4.20666083333333        2.40466333333333      -0.653399229775630     
   4.50699375000000        2.40466333333333      -0.627802635180828     
   4.80732666666667        2.40466333333333      -0.605374975151515     
   5.10765958333333        2.40466333333333      -0.586393017773894     
   5.40799250000000        2.40466333333333      -0.570772465210624     
   5.70832541666667        2.40466333333333      -0.558137108685804     
   6.00865833333333        2.40466333333333      -0.547874120303032     
   6.30899125000000        2.40466333333333      -0.539046691057408     
   6.60932416666667        2.40466333333333      -0.530171608953853     
   6.90965708333333        2.40466333333333      -0.519243619459703     
   7.20999000000000        2.40466333333333      -0.504555467424180     
  2.000000000000000E-003   2.70499625000000       -1.11992072266373     
  0.302332916666667        2.70499625000000       -1.11351775196356     
  0.602665833333333        2.70499625000000       -1.08616061747320     
  0.902998750000000        2.70499625000000       -1.04220604644405     
   1.20333166666667        2.70499625000000      -0.991528499787541     
   1.50366458333333        2.70499625000000      -0.941239549700036     
   1.80399750000000        2.70499625000000      -0.893987956771888     
   2.10433041666667        2.70499625000000      -0.850849816126768     
   2.40466333333333        2.70499625000000      -0.811962749110416     
   2.70499625000000        2.70499625000000      -0.776816250562690     
   3.00532916666667        2.70499625000000      -0.744565503072248     
   3.30566208333333        2.70499625000000      -0.714391437220434     
   3.60599500000000        2.70499625000000      -0.685800500987761     
   3.90632791666667        2.70499625000000      -0.658756444195074     
   4.20666083333333        2.70499625000000      -0.633610303226459     
   4.50699375000000        2.70499625000000      -0.610890924026807     
   4.80732666666667        2.70499625000000      -0.591077970608998     
   5.10765958333333        2.70499625000000      -0.574466091400252     
   5.40799250000000        2.70499625000000      -0.561155906609765     
   5.70832541666667        2.70499625000000      -0.551121699867256     
   6.00865833333333        2.70499625000000      -0.544233557502138     
   6.30899125000000        2.70499625000000      -0.540011893808470     
   6.60932416666667        2.70499625000000      -0.536113730521233     
   6.90965708333333        2.70499625000000      -0.528567563453600     
   7.20999000000000        2.70499625000000      -0.515257860644494     
  2.000000000000000E-003   3.00532916666667       -1.09496901854386     
  0.302332916666667        3.00532916666667       -1.08899216183352     
  0.602665833333333        3.00532916666667       -1.05822055194662     
  0.902998750000000        3.00532916666667       -1.00719875039962     
   1.20333166666667        3.00532916666667      -0.950052383465747     
   1.50366458333333        3.00532916666667      -0.898107522517982     
   1.80399750000000        3.00532916666667      -0.852402523670246     
   2.10433041666667        3.00532916666667      -0.812117856633534     
   2.40466333333333        3.00532916666667      -0.776473179373052     
   2.70499625000000        3.00532916666667      -0.744563125098916     
   3.00532916666667        3.00532916666667      -0.715421491339199     
   3.30566208333333        3.00532916666667      -0.688232499477493     
   3.60599500000000        3.00532916666667      -0.662530189343312     
   3.90632791666667        3.00532916666667      -0.638270545630736     
   4.20666083333333        3.00532916666667      -0.615750828484765     
   4.50699375000000        3.00532916666667      -0.595436262196083     
   4.80732666666667        3.00532916666667      -0.577793666094392     
   5.10765958333333        3.00532916666667      -0.563212558591332     
   5.40799250000000        3.00532916666667      -0.552041654039663     
   5.70832541666667        3.00532916666667      -0.544723044237060     
   6.00865833333333        3.00532916666667      -0.541975282625462     
   6.30899125000000        3.00532916666667      -0.543918992272427     
   6.60932416666667        3.00532916666667      -0.546055091030578     
   6.90965708333333        3.00532916666667      -0.542438352828344     
   7.20999000000000        3.00532916666667      -0.530180549201523     
  2.000000000000000E-003   3.30566208333333       -1.07949250395082     
  0.302332916666667        3.30566208333333       -1.07507947075218     
  0.602665833333333        3.30566208333333       -1.03895329574314     
  0.902998750000000        3.30566208333333      -0.977814154886729     
   1.20333166666667        3.30566208333333      -0.913461208855093     
   1.50366458333333        3.30566208333333      -0.858587177233256     
   1.80399750000000        3.30566208333333      -0.813845189436887     
   2.10433041666667        3.30566208333333      -0.775981879045988     
   2.40466333333333        3.30566208333333      -0.743262893314947     
   2.70499625000000        3.30566208333333      -0.714389021228800     
   3.00532916666667        3.30566208333333      -0.688232779530064     
   3.30566208333333        3.30566208333333      -0.663911675634451     
   3.60599500000000        3.30566208333333      -0.640921062700400     
   3.90632791666667        3.30566208333333      -0.619177909739765     
   4.20666083333333        3.30566208333333      -0.598940455585526     
   4.50699375000000        3.30566208333333      -0.580656004870819     
   4.80732666666667        3.30566208333333      -0.564824438822585     
   5.10765958333333        3.30566208333333      -0.551948946650332     
   5.40799250000000        3.30566208333333      -0.542612359422952     
   5.70832541666667        3.30566208333333      -0.537721544957498     
   6.00865833333333        3.30566208333333      -0.539064392254484     
   6.30899125000000        3.30566208333333      -0.546652823698373     
   6.60932416666667        3.30566208333333      -0.555148129501220     
   6.90965708333333        3.30566208333333      -0.555260117602105     
   7.20999000000000        3.30566208333333      -0.543318061899640     
  2.000000000000000E-003   3.60599500000000       -1.06378184354014     
  0.302332916666667        3.60599500000000       -1.04644722638586     
  0.602665833333333        3.60599500000000       -1.00522393010676     
  0.902998750000000        3.60599500000000      -0.939610632425774     
   1.20333166666667        3.60599500000000      -0.873449729062002     
   1.50366458333333        3.60599500000000      -0.818938723975901     
   1.80399750000000        3.60599500000000      -0.776378878488675     
   2.10433041666667        3.60599500000000      -0.741357800990424     
   2.40466333333333        3.60599500000000      -0.711665479456372     
   2.70499625000000        3.60599500000000      -0.685799221418791     
   3.00532916666667        3.60599500000000      -0.662531950997920     
   3.30566208333333        3.60599500000000      -0.640922701783007     
   3.60599500000000        3.60599500000000      -0.620424753306519     
   3.90632791666667        3.60599500000000      -0.600923326145773     
   4.20666083333333        3.60599500000000      -0.582659746967484     
   4.50699375000000        3.60599500000000      -0.566088253573058     
   4.80732666666667        3.60599500000000      -0.551747475670731     
   5.10765958333333        3.60599500000000      -0.540216199435515     
   5.40799250000000        3.60599500000000      -0.532200344860314     
   5.70832541666667        3.60599500000000      -0.528829494845233     
   6.00865833333333        3.60599500000000      -0.532370727196481     
   6.30899125000000        3.60599500000000      -0.542788196815651     
   6.60932416666667        3.60599500000000      -0.554699874271838     
   6.90965708333333        3.60599500000000      -0.557655477641998     
   7.20999000000000        3.60599500000000      -0.552029837060043     
  2.000000000000000E-003   3.90632791666667      -0.979238781573104     
  0.302332916666667        3.90632791666667      -0.975380557990201     
  0.602665833333333        3.90632791666667      -0.941565026136974     
  0.902998750000000        3.90632791666667      -0.884649915740156     
   1.20333166666667        3.90632791666667      -0.825963979850907     
   1.50366458333333        3.90632791666667      -0.777419559175051     
   1.80399750000000        3.90632791666667      -0.739238381542806     
   2.10433041666667        3.90632791666667      -0.707926575671881     
   2.40466333333333        3.90632791666667      -0.681571624273368     
   2.70499625000000        3.90632791666667      -0.658756280227430     
   3.00532916666667        3.90632791666667      -0.638273565235530     
   3.30566208333333        3.90632791666667      -0.619180984532259     
   3.60599500000000        3.90632791666667      -0.600924888387563     
   3.90632791666667        3.90632791666667      -0.583387049229137     
   4.20666083333333        3.90632791666667      -0.566814238466537     
   4.50699375000000        3.90632791666667      -0.551675719510925     
   4.80732666666667        3.90632791666667      -0.538528613471837     
   5.10765958333333        3.90632791666667      -0.527958587183857     
   5.40799250000000        3.90632791666667      -0.520636315664033     
   5.70832541666667        3.90632791666667      -0.517538988243509     
   6.00865833333333        3.90632791666667      -0.520486219139975     
   6.30899125000000        3.90632791666667      -0.529529954981264     
   6.60932416666667        3.90632791666667      -0.539428695266687     
   6.90965708333333        3.90632791666667      -0.540927192080178     
   7.20999000000000        3.90632791666667      -0.530343052324682     
  2.000000000000000E-003   4.20666083333333      -0.892231251034786     
  0.302332916666667        4.20666083333333      -0.887372522318510     
  0.602665833333333        4.20666083333333      -0.861651717417942     
  0.902998750000000        4.20666083333333      -0.819612850834042     
   1.20333166666667        4.20666083333333      -0.774216760037096     
   1.50366458333333        4.20666083333333      -0.735314939598748     
   1.80399750000000        4.20666083333333      -0.703102263885393     
   2.10433041666667        4.20666083333333      -0.676182558985948     
   2.40466333333333        4.20666083333333      -0.653393568681073     
   2.70499625000000        4.20666083333333      -0.633610810873151     
   3.00532916666667        4.20666083333333      -0.615754416748737     
   3.30566208333333        4.20666083333333      -0.598944259406150     
   3.60599500000000        4.20666083333333      -0.582662273836338     
   3.90632791666667        4.20666083333333      -0.566815344269262     
   4.20666083333333        4.20666083333333      -0.551670950935879     
   4.50699375000000        4.20666083333333      -0.537711723382893     
   4.80732666666667        4.20666083333333      -0.525488048690394     
   5.10765958333333        4.20666083333333      -0.515533400179756     
   5.40799250000000        4.20666083333333      -0.508368802566523     
   5.70832541666667        4.20666083333333      -0.504592139605377     
   6.00865833333333        4.20666083333333      -0.505020827905556     
   6.30899125000000        4.20666083333333      -0.509830778549783     
   6.60932416666667        4.20666083333333      -0.514703018615958     
   6.90965708333333        4.20666083333333      -0.513801264036820     
   7.20999000000000        4.20666083333333      -0.504205571828802     
  2.000000000000000E-003   4.50699375000000      -0.807983960290992     
  0.302332916666667        4.50699375000000      -0.804159456532843     
  0.602665833333333        4.50699375000000      -0.785988496462337     
  0.902998750000000        4.50699375000000      -0.757003118747180     
   1.20333166666667        4.50699375000000      -0.725108880872303     
   1.50366458333333        4.50699375000000      -0.695520177622318     
   1.80399750000000        4.50699375000000      -0.669481393001657     
   2.10433041666667        4.50699375000000      -0.647064551587165     
   2.40466333333333        4.50699375000000      -0.627798340694824     
   2.70499625000000        4.50699375000000      -0.610892069987793     
   3.00532916666667        4.50699375000000      -0.595440270475714     
   3.30566208333333        4.50699375000000      -0.580660420077475     
   3.60599500000000        4.50699375000000      -0.566091721535717     
   3.90632791666667        4.50699375000000      -0.551677994155565     
   4.20666083333333        4.50699375000000      -0.537712951628147     
   4.50699375000000        4.50699375000000      -0.524691849463780     
   4.80732666666667        4.50699375000000      -0.513148437616962     
   5.10765958333333        4.50699375000000      -0.503543281977232     
   5.40799250000000        4.50699375000000      -0.496223552853508     
   5.70832541666667        4.50699375000000      -0.491423167553200     
   6.00865833333333        4.50699375000000      -0.489218789228215     
   6.30899125000000        4.50699375000000      -0.489251439566603     
   6.60932416666667        4.50699375000000      -0.489319159382648     
   6.90965708333333        4.50699375000000      -0.485646564967643     
   7.20999000000000        4.50699375000000      -0.476121702075747     
  2.000000000000000E-003   4.80732666666667      -0.738024705097942     
  0.302332916666667        4.80732666666667      -0.736069002817523     
  0.602665833333333        4.80732666666667      -0.724105197842685     
  0.902998750000000        4.80732666666667      -0.704998277706997     
   1.20333166666667        4.80732666666667      -0.682740060316490     
   1.50366458333333        4.80732666666667      -0.660418749433513     
   1.80399750000000        4.80732666666667      -0.639754345013727     
   2.10433041666667        4.80732666666667      -0.621422112063756     
   2.40466333333333        4.80732666666667      -0.605372634676598     
   2.70499625000000        4.80732666666667      -0.591080329757866     
   3.00532916666667        4.80732666666667      -0.577798726915048     
   3.30566208333333        4.80732666666667      -0.564830184147127     
   3.60599500000000        4.80732666666667      -0.551752665138074     
   3.90632791666667        4.80732666666667      -0.538532838501435     
   4.20666083333333        4.80732666666667      -0.525491224839150     
   4.50699375000000        4.80732666666667      -0.513150287397975     
   4.80732666666667        4.80732666666667      -0.502047573090300     
   5.10765958333333        4.80732666666667      -0.492594011223797     
   5.40799250000000        4.80732666666667      -0.485006153857731     
   5.70832541666667        4.80732666666667      -0.479280778512610     
   6.00865833333333        4.80732666666667      -0.475143382376509     
   6.30899125000000        4.80732666666667      -0.471902353035684     
   6.60932416666667        4.80732666666667      -0.468238528301704     
   6.90965708333333        4.80732666666667      -0.462285473792949     
   7.20999000000000        4.80732666666667      -0.452456590966466     
  2.000000000000000E-003   5.10765958333333      -0.685679462786656     
  0.302332916666667        5.10765958333333      -0.685186333866633     
  0.602665833333333        5.10765958333333      -0.677458515441367     
  0.902998750000000        5.10765958333333      -0.664318614917203     
   1.20333166666667        5.10765958333333      -0.648088439823589     
   1.50366458333333        5.10765958333333      -0.630975810537439     
   1.80399750000000        5.10765958333333      -0.614549596593240     
   2.10433041666667        5.10765958333333      -0.599635604154242     
   2.40466333333333        5.10765958333333      -0.586393075454235     
   2.70499625000000        5.10765958333333      -0.574470271069016     
   3.00532916666667        5.10765958333333      -0.563219403725628     
   3.30566208333333        5.10765958333333      -0.551956818363446     
   3.60599500000000        5.10765958333333      -0.540223908518046     
   3.90632791666667        5.10765958333333      -0.527965505970632     
   4.20666083333333        5.10765958333333      -0.515539163395290     
   4.50699375000000        5.10765958333333      -0.503547475477085     
   4.80732666666667        5.10765958333333      -0.492596183626323     
   5.10765958333333        5.10765958333333      -0.483105683763515     
   5.40799250000000        5.10765958333333      -0.475228093200242     
   5.70832541666667        5.10765958333333      -0.468836865430392     
   6.00865833333333        5.10765958333333      -0.463525387737445     
   6.30899125000000        5.10765958333333      -0.458582187932561     
   6.60932416666667        5.10765958333333      -0.452991522581614     
   6.90965708333333        5.10765958333333      -0.445607929104228     
   7.20999000000000        5.10765958333333      -0.435554524965685     
  2.000000000000000E-003   5.40799250000000      -0.647810158392086     
  0.302332916666667        5.40799250000000      -0.648121196371608     
  0.602665833333333        5.40799250000000      -0.642743819751559     
  0.902998750000000        5.40799250000000      -0.632948370809705     
   1.20333166666667        5.40799250000000      -0.620456084576090     
   1.50366458333333        5.40799250000000      -0.606921300959824     
   1.80399750000000        5.40799250000000      -0.593666517568195     
   2.10433041666667        5.40799250000000      -0.581527558332338     
   2.40466333333333        5.40799250000000      -0.570774576294352     
   2.70499625000000        5.40799250000000      -0.561161687722608     
   3.00532916666667        5.40799250000000      -0.552050075253484     
   3.30566208333333        5.40799250000000      -0.542622079175246     
   3.60599500000000        5.40799250000000      -0.532210216230760     
   3.90632791666667        5.40799250000000      -0.520645535410064     
   4.20666083333333        5.40799250000000      -0.508376763884067     
   4.50699375000000        5.40799250000000      -0.496229701971586     
   4.80732666666667        5.40799250000000      -0.485010071748992     
   5.10765958333333        5.40799250000000      -0.475229757900700     
   5.40799250000000        5.40799250000000      -0.467030712780391     
   5.70832541666667        5.40799250000000      -0.460224525862024     
   6.00865833333333        5.40799250000000      -0.454346237134383     
   6.30899125000000        5.40799250000000      -0.448638760732160     
   6.60932416666667        5.40799250000000      -0.442229368489082     
   6.90965708333333        5.40799250000000      -0.434297446096105     
   7.20999000000000        5.40799250000000      -0.424269662716807     
  2.000000000000000E-003   5.70832541666667      -0.620690686594910     
  0.302332916666667        5.70832541666667      -0.621342356109562     
  0.602665833333333        5.70832541666667      -0.617025200094906     
  0.902998750000000        5.70832541666667      -0.608902924087543     
   1.20333166666667        5.70832541666667      -0.598512538956164     
   1.50366458333333        5.70832541666667      -0.587287552615228     
   1.80399750000000        5.70832541666667      -0.576326668702181     
   2.10433041666667        5.70832541666667      -0.566486923507531     
   2.40466333333333        5.70832541666667      -0.558139880036480     
   2.70499625000000        5.70832541666667      -0.551127603389286     
   3.00532916666667        5.70832541666667      -0.544731307857657     
   3.30566208333333        5.70832541666667      -0.537731069401449     
   3.60599500000000        5.70832541666667      -0.528839310127342     
   3.90632791666667        5.70832541666667      -0.517548366875792     
   4.20666083333333        5.70832541666667      -0.504600421759748     
   4.50699375000000        5.70832541666667      -0.491429699984595     
   4.80732666666667        5.70832541666667      -0.479285107412123     
   5.10765958333333        5.70832541666667      -0.468838992493959     
   5.40799250000000        5.70832541666667      -0.460225034925503     
   5.70832541666667        5.70832541666667      -0.453183989835185     
   6.00865833333333        5.70832541666667      -0.447080228247403     
   6.30899125000000        5.70832541666667      -0.441160058959140     
   6.60932416666667        5.70832541666667      -0.434604977084784     
   6.90965708333333        5.70832541666667      -0.426657711926792     
   7.20999000000000        5.70832541666667      -0.416834711065011     
  2.000000000000000E-003   6.00865833333333      -0.602111975448828     
  0.302332916666667        6.00865833333333      -0.602644020118359     
  0.602665833333333        6.00865833333333      -0.598181194115030     
  0.902998750000000        6.00865833333333      -0.590238652279672     
   1.20333166666667        6.00865833333333      -0.580620266935426     
   1.50366458333333        6.00865833333333      -0.570722075269789     
   1.80399750000000        6.00865833333333      -0.561467144880048     
   2.10433041666667        6.00865833333333      -0.553632007605896     
   2.40466333333333        6.00865833333333      -0.547875528743520     
   2.70499625000000        6.00865833333333      -0.544237228414510     
   3.00532916666667        6.00865833333333      -0.541980427105857     
   3.30566208333333        6.00865833333333      -0.539070042766120     
   3.60599500000000        6.00865833333333      -0.532376469716945     
   3.90632791666667        6.00865833333333      -0.520492064636745     
   4.20666083333333        6.00865833333333      -0.505026458228730     
   4.50699375000000        6.00865833333333      -0.489223405344764     
   4.80732666666667        6.00865833333333      -0.475146319281361     
   5.10765958333333        6.00865833333333      -0.463526481720446     
   5.40799250000000        6.00865833333333      -0.454345891789471     
   5.70832541666667        6.00865833333333      -0.447079522762427     
   6.00865833333333        6.00865833333333      -0.441011593621768     
   6.30899125000000        6.00865833333333      -0.435386855186823     
   6.60932416666667        6.00865833333333      -0.429324137813518     
   6.90965708333333        6.00865833333333      -0.421911480855446     
   7.20999000000000        6.00865833333333      -0.412516837153568     
  2.000000000000000E-003   6.30899125000000      -0.590947384430920     
  0.302332916666667        6.30899125000000      -0.590685383143936     
  0.602665833333333        6.30899125000000      -0.584458966151422     
  0.902998750000000        6.30899125000000      -0.575026829561964     
   1.20333166666667        6.30899125000000      -0.565004138129181     
   1.50366458333333        6.30899125000000      -0.555712465888854     
   1.80399750000000        6.30899125000000      -0.547790030848493     
   2.10433041666667        6.30899125000000      -0.541881311871112     
   2.40466333333333        6.30899125000000      -0.539045001266799     
   2.70499625000000        6.30899125000000      -0.540011147510789     
   3.00532916666667        6.30899125000000      -0.543918023890895     
   3.30566208333333        6.30899125000000      -0.546650614732796     
   3.60599500000000        6.30899125000000      -0.542785336515763     
   3.90632791666667        6.30899125000000      -0.529528251511792     
   4.20666083333333        6.30899125000000      -0.509830819470386     
   4.50699375000000        6.30899125000000      -0.489252135026345     
   4.80732666666667        6.30899125000000      -0.471902446873624     
   5.10765958333333        6.30899125000000      -0.458581108415754     
   5.40799250000000        6.30899125000000      -0.448636715965415     
   5.70832541666667        6.30899125000000      -0.441157979737559     
   6.00865833333333        6.30899125000000      -0.435385587125325     
   6.30899125000000        6.30899125000000      -0.430601557714984     
   6.60932416666667        6.30899125000000      -0.425863187938961     
   6.90965708333333        6.30899125000000      -0.419857928503692     
   7.20999000000000        6.30899125000000      -0.411404002075147     
  2.000000000000000E-003   6.60932416666667      -0.586186488226974     
  0.302332916666667        6.60932416666667      -0.584016964455547     
  0.602665833333333        6.60932416666667      -0.573559838780392     
  0.902998750000000        6.60932416666667      -0.560972657769170     
   1.20333166666667        6.60932416666667      -0.549794108464786     
   1.50366458333333        6.60932416666667      -0.540754891596119     
   1.80399750000000        6.60932416666667      -0.533960491372274     
   2.10433041666667        6.60932416666667      -0.529948877321238     
   2.40466333333333        6.60932416666667      -0.530166272879942     
   2.70499625000000        6.60932416666667      -0.536108008609572     
   3.00532916666667        6.60932416666667      -0.546047336659463     
   3.30566208333333        6.60932416666667      -0.555136781268979     
   3.60599500000000        6.60932416666667      -0.554686778804962     
   3.90632791666667        6.60932416666667      -0.539418330206486     
   4.20666083333333        6.60932416666667      -0.514696817643618     
   4.50699375000000        6.60932416666667      -0.489315427431417     
   4.80732666666667        6.60932416666667      -0.468235400427014     
   5.10765958333333        6.60932416666667      -0.452988019312945     
   5.40799250000000        6.60932416666667      -0.442225613776802     
   5.70832541666667        6.60932416666667      -0.434601587190055     
   6.00865833333333        6.60932416666667      -0.429321719737969     
   6.30899125000000        6.60932416666667      -0.425862093946222     
   6.60932416666667        6.60932416666667      -0.423438368431600     
   6.90965708333333        6.60932416666667      -0.420227744605767     
   7.20999000000000        6.60932416666667      -0.413665490988621     
  2.000000000000000E-003   6.90965708333333      -0.583153101848935     
  0.302332916666667        6.90965708333333      -0.578074613762477     
  0.602665833333333        6.90965708333333      -0.561541588105899     
  0.902998750000000        6.90965708333333      -0.545539630040758     
   1.20333166666667        6.90965708333333      -0.533376267978172     
   1.50366458333333        6.90965708333333      -0.524640884122085     
   1.80399750000000        6.90965708333333      -0.518858700495060     
   2.10433041666667        6.90965708333333      -0.516455179434569     
   2.40466333333333        6.90965708333333      -0.519235575117658     
   2.70499625000000        6.90965708333333      -0.528558448686943     
   3.00532916666667        6.90965708333333      -0.542426497889744     
   3.30566208333333        6.90965708333333      -0.555243959241697     
   3.60599500000000        6.90965708333333      -0.557637223301897     
   3.90632791666667        6.90965708333333      -0.540912509392624     
   4.20666083333333        6.90965708333333      -0.513791417333039     
   4.50699375000000        6.90965708333333      -0.485639806629410     
   4.80732666666667        6.90965708333333      -0.462279952218526     
   5.10765958333333        6.90965708333333      -0.445602730099278     
   5.40799250000000        6.90965708333333      -0.434292591462505     
   5.70832541666667        6.90965708333333      -0.426653604994670     
   6.00865833333333        6.90965708333333      -0.421908561405434     
   6.30899125000000        6.90965708333333      -0.419856540040971     
   6.60932416666667        6.90965708333333      -0.420227760086708     
   6.90965708333333        6.90965708333333      -0.420780513283126     
   7.20999000000000        6.90965708333333      -0.416283442727802     
  2.000000000000000E-003   7.20999000000000      -0.573569340854470     
  0.302332916666667        7.20999000000000      -0.564783713260149     
  0.602665833333333        7.20999000000000      -0.545579124842155     
  0.902998750000000        7.20999000000000      -0.527604576355113     
   1.20333166666667        7.20999000000000      -0.515052288295525     
   1.50366458333333        7.20999000000000      -0.506763005750003     
   1.80399750000000        7.20999000000000      -0.501778395293898     
   2.10433041666667        7.20999000000000      -0.500433646448133     
   2.40466333333333        7.20999000000000      -0.504546551726863     
   2.70499625000000        7.20999000000000      -0.515247637716758     
   3.00532916666667        7.20999000000000      -0.530167899559213     
   3.30566208333333        7.20999000000000      -0.543302713119264     
   3.60599500000000        7.20999000000000      -0.552015275012542     
   3.90632791666667        7.20999000000000      -0.530328638018276     
   4.20666083333333        7.20999000000000      -0.504194687596002     
   4.50699375000000        7.20999000000000      -0.476113774751697     
   4.80732666666667        7.20999000000000      -0.452450119398317     
   5.10765958333333        7.20999000000000      -0.435548722070845     
   5.40799250000000        7.20999000000000      -0.424264524457038     
   5.70832541666667        7.20999000000000      -0.416830520661818     
   6.00865833333333        7.20999000000000      -0.412513991009482     
   6.30899125000000        7.20999000000000      -0.411402910069989     
   6.60932416666667        7.20999000000000      -0.413666287935639     
   6.90965708333333        7.20999000000000      -0.416284769064894     
   7.20999000000000        7.20999000000000      -0.414112426911985     
