  2.000000000000000E-003  2.000000000000000E-003  -1.36697224717005     
  0.302332916666667       2.000000000000000E-003  -1.38221676679995     
  0.602665833333333       2.000000000000000E-003  -1.35007864779827     
  0.902998750000000       2.000000000000000E-003  -1.33770439820082     
   1.20333166666667       2.000000000000000E-003  -1.33101569092540     
   1.50366458333333       2.000000000000000E-003  -1.32210209906336     
   1.80399750000000       2.000000000000000E-003  -1.30947303748867     
   2.10433041666667       2.000000000000000E-003  -1.29743185938673     
   2.40466333333333       2.000000000000000E-003  -1.30130683156913     
   2.70499625000000       2.000000000000000E-003  -1.33009587001412     
   3.00532916666667       2.000000000000000E-003  -1.36017262273688     
   3.30566208333333       2.000000000000000E-003  -1.37043263638462     
   3.60599500000000       2.000000000000000E-003  -1.35805440146559     
   3.90632791666667       2.000000000000000E-003  -1.22915959772422     
   4.20666083333333       2.000000000000000E-003  -1.08323415003806     
   4.50699375000000       2.000000000000000E-003 -0.944343090498376     
   4.80732666666667       2.000000000000000E-003 -0.836657763022017     
   5.10765958333333       2.000000000000000E-003 -0.762078446225695     
   5.40799250000000       2.000000000000000E-003 -0.711753160803312     
   5.70832541666667       2.000000000000000E-003 -0.680075606714233     
   6.00865833333333       2.000000000000000E-003 -0.662154318780510     
   6.30899125000000       2.000000000000000E-003 -0.653580007080659     
   6.60932416666667       2.000000000000000E-003 -0.651048662165761     
   6.90965708333333       2.000000000000000E-003 -0.654297044561282     
   7.20999000000000       2.000000000000000E-003 -0.647767249429522     
  2.000000000000000E-003  0.302332916666667       -1.26769524074584     
  0.302332916666667       0.302332916666667       -1.30820596068345     
  0.602665833333333       0.302332916666667       -1.31399734630440     
  0.902998750000000       0.302332916666667       -1.31417315901911     
   1.20333166666667       0.302332916666667       -1.31286336466960     
   1.50366458333333       0.302332916666667       -1.30634459447312     
   1.80399750000000       0.302332916666667       -1.29484558287948     
   2.10433041666667       0.302332916666667       -1.28093039038695     
   2.40466333333333       0.302332916666667       -1.28141743543710     
   2.70499625000000       0.302332916666667       -1.30756193679780     
   3.00532916666667       0.302332916666667       -1.33626020767855     
   3.30566208333333       0.302332916666667       -1.35107618104817     
   3.60599500000000       0.302332916666667       -1.32361541359533     
   3.90632791666667       0.302332916666667       -1.21631477031105     
   4.20666083333333       0.302332916666667       -1.07185149135157     
   4.50699375000000       0.302332916666667      -0.936483154808097     
   4.80732666666667       0.302332916666667      -0.832555286701974     
   5.10765958333333       0.302332916666667      -0.759954846667011     
   5.40799250000000       0.302332916666667      -0.710708797812853     
   5.70832541666667       0.302332916666667      -0.679494664897292     
   6.00865833333333       0.302332916666667      -0.661312817018230     
   6.30899125000000       0.302332916666667      -0.651678688721265     
   6.60932416666667       0.302332916666667      -0.646766848618015     
   6.90965708333333       0.302332916666667      -0.643660706012621     
   7.20999000000000       0.302332916666667      -0.632748084007499     
  2.000000000000000E-003  0.602665833333333       -1.13691936293474     
  0.302332916666667       0.602665833333333       -1.18624485557144     
  0.602665833333333       0.602665833333333       -1.22568158132959     
  0.902998750000000       0.602665833333333       -1.24725017212126     
   1.20333166666667       0.602665833333333       -1.25625345885830     
   1.50366458333333       0.602665833333333       -1.25504420735953     
   1.80399750000000       0.602665833333333       -1.24509490564753     
   2.10433041666667       0.602665833333333       -1.22931757979238     
   2.40466333333333       0.602665833333333       -1.22132268783955     
   2.70499625000000       0.602665833333333       -1.23801572955522     
   3.00532916666667       0.602665833333333       -1.25685566550577     
   3.30566208333333       0.602665833333333       -1.26498743147184     
   3.60599500000000       0.602665833333333       -1.23497959134400     
   3.90632791666667       0.602665833333333       -1.14611917358738     
   4.20666083333333       0.602665833333333       -1.02264457349103     
   4.50699375000000       0.602665833333333      -0.904671479095778     
   4.80732666666667       0.602665833333333      -0.812720531621460     
   5.10765958333333       0.602665833333333      -0.746498877964012     
   5.40799250000000       0.602665833333333      -0.700836878982241     
   5.70832541666667       0.602665833333333      -0.671050325739353     
   6.00865833333333       0.602665833333333      -0.652378366226505     
   6.30899125000000       0.602665833333333      -0.640231549497459     
   6.60932416666667       0.602665833333333      -0.630021269614092     
   6.90965708333333       0.602665833333333      -0.617621049468844     
   7.20999000000000       0.602665833333333      -0.601068965245374     
  2.000000000000000E-003  0.902998750000000       -1.03407965160963     
  0.302332916666667       0.902998750000000       -1.08597171606644     
  0.602665833333333       0.902998750000000       -1.13268301184348     
  0.902998750000000       0.902998750000000       -1.16362327430077     
   1.20333166666667       0.902998750000000       -1.17891740199070     
   1.50366458333333       0.902998750000000       -1.18118311367159     
   1.80399750000000       0.902998750000000       -1.17226955274572     
   2.10433041666667       0.902998750000000       -1.15392792680053     
   2.40466333333333       0.902998750000000       -1.14142059910035     
   2.70499625000000       0.902998750000000       -1.14115712697209     
   3.00532916666667       0.902998750000000       -1.14441757764089     
   3.30566208333333       0.902998750000000       -1.13715556426413     
   3.60599500000000       0.902998750000000       -1.10419471506555     
   3.90632791666667       0.902998750000000       -1.03595346298575     
   4.20666083333333       0.902998750000000      -0.944493632362422     
   4.50699375000000       0.902998750000000      -0.853740067964089     
   4.80732666666667       0.902998750000000      -0.780084976473311     
   5.10765958333333       0.902998750000000      -0.724470574301406     
   5.40799250000000       0.902998750000000      -0.684300973020844     
   5.70832541666667       0.902998750000000      -0.657026716884048     
   6.00865833333333       0.902998750000000      -0.638349486421121     
   6.30899125000000       0.902998750000000      -0.623903129935197     
   6.60932416666667       0.902998750000000      -0.609550950944390     
   6.90965708333333       0.902998750000000      -0.592284195668472     
   7.20999000000000       0.902998750000000      -0.571623704358149     
  2.000000000000000E-003   1.20333166666667      -0.963927526169379     
  0.302332916666667        1.20333166666667       -1.01187648560897     
  0.602665833333333        1.20333166666667       -1.05349510463530     
  0.902998750000000        1.20333166666667       -1.08224667845544     
   1.20333166666667        1.20333166666667       -1.09673559059077     
   1.50366458333333        1.20333166666667       -1.09847299221718     
   1.80399750000000        1.20333166666667       -1.08861358395625     
   2.10433041666667        1.20333166666667       -1.07129608678050     
   2.40466333333333        1.20333166666667       -1.05620063843389     
   2.70499625000000        1.20333166666667       -1.04345548536722     
   3.00532916666667        1.20333166666667       -1.03051245075961     
   3.30566208333333        1.20333166666667       -1.01156715421800     
   3.60599500000000        1.20333166666667      -0.978061232510524     
   3.90632791666667        1.20333166666667      -0.925953432516025     
   4.20666083333333        1.20333166666667      -0.861324911491635     
   4.50699375000000        1.20333166666667      -0.797241817338582     
   4.80732666666667        1.20333166666667      -0.741771228975032     
   5.10765958333333        1.20333166666667      -0.697432493387165     
   5.40799250000000        1.20333166666667      -0.664038500000302     
   5.70832541666667        1.20333166666667      -0.640158721913488     
   6.00865833333333        1.20333166666667      -0.622478253036853     
   6.30899125000000        1.20333166666667      -0.607250778622237     
   6.60932416666667        1.20333166666667      -0.591273448155661     
   6.90965708333333        1.20333166666667      -0.572637571960963     
   7.20999000000000        1.20333166666667      -0.551106229615704     
  2.000000000000000E-003   1.50366458333333      -0.913256290803506     
  0.302332916666667        1.50366458333333      -0.954657493169051     
  0.602665833333333        1.50366458333333      -0.987801294592053     
  0.902998750000000        1.50366458333333       -1.00942205645846     
   1.20333166666667        1.50366458333333       -1.01883041761726     
   1.50366458333333        1.50366458333333       -1.01701843576585     
   1.80399750000000        1.50366458333333       -1.00577792603611     
   2.10433041666667        1.50366458333333      -0.990648609030707     
   2.40466333333333        1.50366458333333      -0.973837657859365     
   2.70499625000000        1.50366458333333      -0.955622558163322     
   3.00532916666667        1.50366458333333      -0.935147194629457     
   3.30566208333333        1.50366458333333      -0.910231807844715     
   3.60599500000000        1.50366458333333      -0.878100835817796     
   3.90632791666667        1.50366458333333      -0.837704148165427     
   4.20666083333333        1.50366458333333      -0.791767733168306     
   4.50699375000000        1.50366458333333      -0.745557464433542     
   4.80732666666667        1.50366458333333      -0.703832738900409     
   5.10765958333333        1.50366458333333      -0.669300551796829     
   5.40799250000000        1.50366458333333      -0.642575425711699     
   5.70832541666667        1.50366458333333      -0.622604756465708     
   6.00865833333333        1.50366458333333      -0.606851515437901     
   6.30899125000000        1.50366458333333      -0.592308667269948     
   6.60932416666667        1.50366458333333      -0.576578309751417     
   6.90965708333333        1.50366458333333      -0.558361957497496     
   7.20999000000000        1.50366458333333      -0.537439352901426     
  2.000000000000000E-003   1.80399750000000      -0.873186838837217     
  0.302332916666667        1.80399750000000      -0.907722647236123     
  0.602665833333333        1.80399750000000      -0.932369639996504     
  0.902998750000000        1.80399750000000      -0.946031906707029     
   1.20333166666667        1.80399750000000      -0.949124991097630     
   1.50366458333333        1.80399750000000      -0.943458317979419     
   1.80399750000000        1.80399750000000      -0.932093562303230     
   2.10433041666667        1.80399750000000      -0.916866188245658     
   2.40466333333333        1.80399750000000      -0.898937542400241     
   2.70499625000000        1.80399750000000      -0.878935850177514     
   3.00532916666667        1.80399750000000      -0.856867285244922     
   3.30566208333333        1.80399750000000      -0.832057153809934     
   3.60599500000000        1.80399750000000      -0.803563957376566     
   3.90632791666667        1.80399750000000      -0.771170106641692     
   4.20666083333333        1.80399750000000      -0.736217314646054     
   4.50699375000000        1.80399750000000      -0.701388626358451     
   4.80732666666667        1.80399750000000      -0.669600133844486     
   5.10765958333333        1.80399750000000      -0.642895350779364     
   5.40799250000000        1.80399750000000      -0.621861252188079     
   5.70832541666667        1.80399750000000      -0.605636300567011     
   6.00865833333333        1.80399750000000      -0.592351799221622     
   6.30899125000000        1.80399750000000      -0.579518265486561     
   6.60932416666667        1.80399750000000      -0.565196697129199     
   6.90965708333333        1.80399750000000      -0.548336266169224     
   7.20999000000000        1.80399750000000      -0.528575703996942     
  2.000000000000000E-003   2.10433041666667      -0.841313336035789     
  0.302332916666667        2.10433041666667      -0.869276551023576     
  0.602665833333333        2.10433041666667      -0.886256679500623     
  0.902998750000000        2.10433041666667      -0.892497249298052     
   1.20333166666667        2.10433041666667      -0.890301753947428     
   1.50366458333333        2.10433041666667      -0.881784638135007     
   1.80399750000000        2.10433041666667      -0.868682010038205     
   2.10433041666667        2.10433041666667      -0.852377472886521     
   2.40466333333333        2.10433041666667      -0.833926301608233     
   2.70499625000000        2.10433041666667      -0.814025193711032     
   3.00532916666667        2.10433041666667      -0.792911890528501     
   3.30566208333333        2.10433041666667      -0.770346411448798     
   3.60599500000000        2.10433041666667      -0.745891359426338     
   3.90632791666667        2.10433041666667      -0.719482305619052     
   4.20666083333333        2.10433041666667      -0.691922865831646     
   4.50699375000000        2.10433041666667      -0.664874863378950     
   4.80732666666667        2.10433041666667      -0.640285691620170     
   5.10765958333333        2.10433041666667      -0.619604456992432     
   5.40799250000000        2.10433041666667      -0.603226025716095     
   5.70832541666667        2.10433041666667      -0.590415033142364     
   6.00865833333333        2.10433041666667      -0.579663733889509     
   6.30899125000000        2.10433041666667      -0.569193211589345     
   6.60932416666667        2.10433041666667      -0.557306616983287     
   6.90965708333333        2.10433041666667      -0.542595715029805     
   7.20999000000000        2.10433041666667      -0.524403717402424     
  2.000000000000000E-003   2.40466333333333      -0.821003117843185     
  0.302332916666667        2.40466333333333      -0.843174506609103     
  0.602665833333333        2.40466333333333      -0.852744980254531     
  0.902998750000000        2.40466333333333      -0.851827956258562     
   1.20333166666667        2.40466333333333      -0.843696501377511     
   1.50366458333333        2.40466333333333      -0.830946309718312     
   1.80399750000000        2.40466333333333      -0.815267440385282     
   2.10433041666667        2.40466333333333      -0.797810829136638     
   2.40466333333333        2.40466333333333      -0.779403308652946     
   2.70499625000000        2.40466333333333      -0.760545500482762     
   3.00532916666667        2.40466333333333      -0.741338361173669     
   3.30566208333333        2.40466333333333      -0.721518037695984     
   3.60599500000000        2.40466333333333      -0.700714826045207     
   3.90632791666667        2.40466333333333      -0.678872529849953     
   4.20666083333333        2.40466333333333      -0.656578159097913     
   4.50699375000000        2.40466333333333      -0.635042489306936     
   4.80732666666667        2.40466333333333      -0.615688354995395     
   5.10765958333333        2.40466333333333      -0.599574936196959     
   5.40799250000000        2.40466333333333      -0.586993118395993     
   5.70832541666667        2.40466333333333      -0.577432797356234     
   6.00865833333333        2.40466333333333      -0.569839209013445     
   6.30899125000000        2.40466333333333      -0.562841340751634     
   6.60932416666667        2.40466333333333      -0.554706575328403     
   6.90965708333333        2.40466333333333      -0.543342059004604     
   7.20999000000000        2.40466333333333      -0.527080961234811     
  2.000000000000000E-003   2.70499625000000      -0.815996283071823     
  0.302332916666667        2.70499625000000      -0.833557168535777     
  0.602665833333333        2.70499625000000      -0.835789449920904     
  0.902998750000000        2.70499625000000      -0.824670661331416     
   1.20333166666667        2.70499625000000      -0.807565146778754     
   1.50366458333333        2.70499625000000      -0.789211186542914     
   1.80399750000000        2.70499625000000      -0.770625226036249     
   2.10433041666667        2.70499625000000      -0.752232824579529     
   2.40466333333333        2.70499625000000      -0.734302289654097     
   2.70499625000000        2.70499625000000      -0.716898700104129     
   3.00532916666667        2.70499625000000      -0.699798286175800     
   3.30566208333333        2.70499625000000      -0.682555952535090     
   3.60599500000000        2.70499625000000      -0.664759585705763     
   3.90632791666667        2.70499625000000      -0.646359076184419     
   4.20666083333333        2.70499625000000      -0.627868895053459     
   4.50699375000000        2.70499625000000      -0.610287352335251     
   4.80732666666667        2.70499625000000      -0.594748354226118     
   5.10765958333333        2.70499625000000      -0.582105096700142     
   5.40799250000000        2.70499625000000      -0.572696524653139     
   5.70832541666667        2.70499625000000      -0.566411546175298     
   6.00865833333333        2.70499625000000      -0.562903839656404     
   6.30899125000000        2.70499625000000      -0.561519738883774     
   6.60932416666667        2.70499625000000      -0.559488268564245     
   6.90965708333333        2.70499625000000      -0.552267841003958     
   7.20999000000000        2.70499625000000      -0.537918691078987     
  2.000000000000000E-003   3.00532916666667      -0.822820016005849     
  0.302332916666667        3.00532916666667      -0.836962813048975     
  0.602665833333333        3.00532916666667      -0.831266349726990     
  0.902998750000000        3.00532916666667      -0.808266455180645     
   1.20333166666667        3.00532916666667      -0.779382915720603     
   1.50366458333333        3.00532916666667      -0.754148017769352     
   1.80399750000000        3.00532916666667      -0.732608083866727     
   2.10433041666667        3.00532916666667      -0.713574848073952     
   2.40466333333333        3.00532916666667      -0.696399393503139     
   2.70499625000000        3.00532916666667      -0.680559306150371     
   3.00532916666667        3.00532916666667      -0.665447136155036     
   3.30566208333333        3.00532916666667      -0.650417866264972     
   3.60599500000000        3.00532916666667      -0.635014798958666     
   3.90632791666667        3.00532916666667      -0.619213986688790     
   4.20666083333333        3.00532916666667      -0.603517985009253     
   4.50699375000000        3.00532916666667      -0.588817293995551     
   4.80732666666667        3.00532916666667      -0.576087387877394     
   5.10765958333333        3.00532916666667      -0.566108001786112     
   5.40799250000000        3.00532916666667      -0.559394954930805     
   5.70832541666667        3.00532916666667      -0.556415355675219     
   6.00865833333333        3.00532916666667      -0.557972143814601     
   6.30899125000000        3.00532916666667      -0.564211337978511     
   6.60932416666667        3.00532916666667      -0.569603970374454     
   6.90965708333333        3.00532916666667      -0.567219912619402     
   7.20999000000000        3.00532916666667      -0.554452295066432     
  2.000000000000000E-003   3.30566208333333      -0.833266329730180     
  0.302332916666667        3.30566208333333      -0.845248625701052     
  0.602665833333333        3.30566208333333      -0.830729453193431     
  0.902998750000000        3.30566208333333      -0.794209748403561     
   1.20333166666667        3.30566208333333      -0.754393185388324     
   1.50366458333333        3.30566208333333      -0.722460065897532     
   1.80399750000000        3.30566208333333      -0.698599801364468     
   2.10433041666667        3.30566208333333      -0.679395711969460     
   2.40466333333333        3.30566208333333      -0.663189846361158     
   2.70499625000000        3.30566208333333      -0.648896049349951     
   3.00532916666667        3.30566208333333      -0.635575450511163     
   3.30566208333333        3.30566208333333      -0.622429241705457     
   3.60599500000000        3.30566208333333      -0.608977884166645     
   3.90632791666667        3.30566208333333      -0.595226536378058     
   4.20666083333333        3.30566208333333      -0.581674795600608     
   4.50699375000000        3.30566208333333      -0.569142840587771     
   4.80732666666667        3.30566208333333      -0.558513415743819     
   5.10765958333333        3.30566208333333      -0.550560472136933     
   5.40799250000000        3.30566208333333      -0.546015093773539     
   5.70832541666667        3.30566208333333      -0.545953768469804     
   6.00865833333333        3.30566208333333      -0.552610017312490     
   6.30899125000000        3.30566208333333      -0.566047158947925     
   6.60932416666667        3.30566208333333      -0.579668123951388     
   6.90965708333333        3.30566208333333      -0.582355496673403     
   7.20999000000000        3.30566208333333      -0.570451834740824     
  2.000000000000000E-003   3.60599500000000      -0.839224070159841     
  0.302332916666667        3.60599500000000      -0.837914707962306     
  0.602665833333333        3.60599500000000      -0.815386793931654     
  0.902998750000000        3.60599500000000      -0.770793616788356     
   1.20333166666667        3.60599500000000      -0.725598074744538     
   1.50366458333333        3.60599500000000      -0.690773497437793     
   1.80399750000000        3.60599500000000      -0.666340371559405     
   2.10433041666667        3.60599500000000      -0.647747377821965     
   2.40466333333333        3.60599500000000      -0.632776519490358     
   2.70499625000000        3.60599500000000      -0.620015147927827     
   3.00532916666667        3.60599500000000      -0.608334045896221     
   3.30566208333333        3.60599500000000      -0.596855773692082     
   3.60599500000000        3.60599500000000      -0.585096807564134     
   3.90632791666667        3.60599500000000      -0.573074515538028     
   4.20666083333333        3.60599500000000      -0.561265769547987     
   4.50699375000000        3.60599500000000      -0.550423546695813     
   4.80732666666667        3.60599500000000      -0.541360923428768     
   5.10765958333333        3.60599500000000      -0.534849719822364     
   5.40799250000000        3.60599500000000      -0.531750771806344     
   5.70832541666667        3.60599500000000      -0.533473479122850     
   6.00865833333333        3.60599500000000      -0.542959020393413     
   6.30899125000000        3.60599500000000      -0.560274588779695     
   6.60932416666667        3.60599500000000      -0.578833061222798     
   6.90965708333333        3.60599500000000      -0.585847624195769     
   7.20999000000000        3.60599500000000      -0.581501100416347     
  2.000000000000000E-003   3.90632791666667      -0.779933981351567     
  0.302332916666667        3.90632791666667      -0.789441556420134     
  0.602665833333333        3.90632791666667      -0.770766698953759     
  0.902998750000000        3.90632791666667      -0.730775365316140     
   1.20333166666667        3.90632791666667      -0.689333017301611     
   1.50366458333333        3.90632791666667      -0.657384593378434     
   1.80399750000000        3.90632791666667      -0.634769689680609     
   2.10433041666667        3.90632791666667      -0.617758245656803     
   2.40466333333333        3.90632791666667      -0.604355374192521     
   2.70499625000000        3.90632791666667      -0.593166020153945     
   3.00532916666667        3.90632791666667      -0.583044240900943     
   3.30566208333333        3.90632791666667      -0.573111568251189     
   3.60599500000000        3.90632791666667      -0.562892206653639     
   3.90632791666667        3.90632791666667      -0.552392221923208     
   4.20666083333333        3.90632791666667      -0.542040910208066     
   4.50699375000000        3.90632791666667      -0.532518248077989     
   4.80732666666667        3.90632791666667      -0.524570908619422     
   5.10765958333333        3.90632791666667      -0.518934789331060     
   5.40799250000000        3.90632791666667      -0.516442734038491     
   5.70832541666667        3.90632791666667      -0.518368891721520     
   6.00865833333333        3.90632791666667      -0.527157780133948     
   6.30899125000000        3.90632791666667      -0.543018546933246     
   6.60932416666667        3.90632791666667      -0.559456633004944     
   6.90965708333333        3.90632791666667      -0.564770440554766     
   7.20999000000000        3.90632791666667      -0.554042539393687     
  2.000000000000000E-003   4.20666083333333      -0.714536929490888     
  0.302332916666667        4.20666083333333      -0.721173752850890     
  0.602665833333333        4.20666083333333      -0.708075772201858     
  0.902998750000000        4.20666083333333      -0.679683536089246     
   1.20333166666667        4.20666083333333      -0.648338731364907     
   1.50366458333333        4.20666083333333      -0.623294545392977     
   1.80399750000000        4.20666083333333      -0.604287724946691     
   2.10433041666667        4.20666083333333      -0.589652075263184     
   2.40466333333333        4.20666083333333      -0.578117670018056     
   2.70499625000000        4.20666083333333      -0.568561681212646     
   3.00532916666667        4.20666083333333      -0.559954673587830     
   3.30566208333333        4.20666083333333      -0.551473139373036     
   3.60599500000000        4.20666083333333      -0.542654209649838     
   3.90632791666667        4.20666083333333      -0.533476086552316     
   4.20666083333333        4.20666083333333      -0.524309221592018     
   4.50699375000000        4.20666083333333      -0.515765391362227     
   4.80732666666667        4.20666083333333      -0.508530955569259     
   5.10765958333333        4.20666083333333      -0.503275365071657     
   5.40799250000000        4.20666083333333      -0.500681075360113     
   5.70832541666667        4.20666083333333      -0.501583706920082     
   6.00865833333333        4.20666083333333      -0.507159593343430     
   6.30899125000000        4.20666083333333      -0.517768360211301     
   6.60932416666667        4.20666083333333      -0.527951638867102     
   6.90965708333333        4.20666083333333      -0.530278586924602     
   7.20999000000000        4.20666083333333      -0.521091557864815     
  2.000000000000000E-003   4.50699375000000      -0.648383120944166     
  0.302332916666667        4.50699375000000      -0.654262984102220     
  0.602665833333333        4.50699375000000      -0.646843031322792     
  0.902998750000000        4.50699375000000      -0.629235487330277     
   1.20333166666667        4.50699375000000      -0.609028719361445     
   1.50366458333333        4.50699375000000      -0.591039887492142     
   1.80399750000000        4.50699375000000      -0.576162490371792     
   2.10433041666667        4.50699375000000      -0.564246205587386     
   2.40466333333333        4.50699375000000      -0.554730260942055     
   2.70499625000000        4.50699375000000      -0.546829780767754     
   3.00532916666667        4.50699375000000      -0.539682810263012     
   3.30566208333333        4.50699375000000      -0.532539575692813     
   3.60599500000000        4.50699375000000      -0.524946232757712     
   3.90632791666667        4.50699375000000      -0.516847551109150     
   4.20666083333333        4.50699375000000      -0.508564902896876     
   4.50699375000000        4.50699375000000      -0.500667170016173     
   4.80732666666667        4.50699375000000      -0.493803750183763     
   5.10765958333333        4.50699375000000      -0.488576699831548     
   5.40799250000000        4.50699375000000      -0.485487906979328     
   5.70832541666667        4.50699375000000      -0.484930128379166     
   6.00865833333333        4.50699375000000      -0.487110643550443     
   6.30899125000000        4.50699375000000      -0.491653993895930     
   6.60932416666667        4.50699375000000      -0.495763035123728     
   6.90965708333333        4.50699375000000      -0.494644324959461     
   7.20999000000000        4.50699375000000      -0.485716328046741     
  2.000000000000000E-003   4.80732666666667      -0.593968294921533     
  0.302332916666667        4.80732666666667      -0.600103447011708     
  0.602665833333333        4.80732666666667      -0.597226614037201     
  0.902998750000000        4.80732666666667      -0.587727294475017     
   1.20333166666667        4.80732666666667      -0.575305799550588     
   1.50366458333333        4.80732666666667      -0.562769546620891     
   1.80399750000000        4.80732666666667      -0.551594527498235     
   2.10433041666667        4.80732666666667      -0.542296575240341     
   2.40466333333333        4.80732666666667      -0.534764418900638     
   2.70499625000000        4.80732666666667      -0.528481621342984     
   3.00532916666667        4.80732666666667      -0.522729077388145     
   3.30566208333333        4.80732666666667      -0.516806412255470     
   3.60599500000000        4.80732666666667      -0.510245945101583     
   3.90632791666667        4.80732666666667      -0.502956205714123     
   4.20666083333333        4.80732666666667      -0.495237653454852     
   4.50699375000000        4.80732666666667      -0.487665170926413     
   4.80732666666667        4.80732666666667      -0.480897527068430     
   5.10765958333333        4.80732666666667      -0.475499750120354     
   5.40799250000000        4.80732666666667      -0.471829769541677     
   5.70832541666667        4.80732666666667      -0.469973678906933     
   6.00865833333333        4.80732666666667      -0.469655527759134     
   6.30899125000000        4.80732666666667      -0.470034275303232     
   6.60932416666667        4.80732666666667      -0.469430509979618     
   6.90965708333333        4.80732666666667      -0.465471706865753     
   7.20999000000000        4.80732666666667      -0.456248392277104     
  2.000000000000000E-003   5.10765958333333      -0.554940225366123     
  0.302332916666667        5.10765958333333      -0.561248701907929     
  0.602665833333333        5.10765958333333      -0.561158690433253     
  0.902998750000000        5.10765958333333      -0.556129771088501     
   1.20333166666667        5.10765958333333      -0.548208029954413     
   1.50366458333333        5.10765958333333      -0.539403731273393     
   1.80399750000000        5.10765958333333      -0.531123953541480     
   2.10433041666667        5.10765958333333      -0.524081496439019     
   2.40466333333333        5.10765958333333      -0.518385730700950     
   2.70499625000000        5.10765958333333      -0.513682104922876     
   3.00532916666667        5.10765958333333      -0.509322216589639     
   3.30566208333333        5.10765958333333      -0.504580759976768     
   3.60599500000000        5.10765958333333      -0.498910979050168     
   3.90632791666667        5.10765958333333      -0.492165734969732     
   4.20666083333333        5.10765958333333      -0.484669061916382     
   4.50699375000000        5.10765958333333      -0.477084697947186     
   4.80732666666667        5.10765958333333      -0.470158407422843     
   5.10765958333333        5.10765958333333      -0.464472213311604     
   5.40799250000000        5.10765958333333      -0.460296211017218     
   5.70832541666667        5.10765958333333      -0.457533953925156     
   6.00865833333333        5.10765958333333      -0.455703399371655     
   6.30899125000000        5.10765958333333      -0.453909976978834     
   6.60932416666667        5.10765958333333      -0.450864833646459     
   6.90965708333333        5.10765958333333      -0.445144018815421     
   7.20999000000000        5.10765958333333      -0.435683016234863     
  2.000000000000000E-003   5.40799250000000      -0.528555188392031     
  0.302332916666667        5.40799250000000      -0.534706589466736     
  0.602665833333333        5.40799250000000      -0.535784445446255     
  0.902998750000000        5.40799250000000      -0.532798142748006     
   1.20333166666667        5.40799250000000      -0.527284836119432     
   1.50366458333333        5.40799250000000      -0.520786325793437     
   1.80399750000000        5.40799250000000      -0.514558062573950     
   2.10433041666667        5.40799250000000      -0.509348742466509     
   2.40466333333333        5.40799250000000      -0.505368033649840     
   2.70499625000000        5.40799250000000      -0.502340583983136     
   3.00532916666667        5.40799250000000      -0.499591955561257     
   3.30566208333333        5.40799250000000      -0.496223251522153     
   3.60599500000000        5.40799250000000      -0.491443424006853     
   3.90632791666667        5.40799250000000      -0.484976559089812     
   4.20666083333333        5.40799250000000      -0.477252166511308     
   4.50699375000000        5.40799250000000      -0.469188373243462     
   4.80732666666667        5.40799250000000      -0.461754568965975     
   5.10765958333333        5.40799250000000      -0.455621974973849     
   5.40799250000000        5.40799250000000      -0.451018378922089     
   5.70832541666667        5.40799250000000      -0.447735320946271     
   6.00865833333333        5.40799250000000      -0.445188604457564     
   6.30899125000000        5.40799250000000      -0.442438050125000     
   6.60932416666667        5.40799250000000      -0.438402600268545     
   6.90965708333333        5.40799250000000      -0.432040500361073     
   7.20999000000000        5.40799250000000      -0.422634662680424     
  2.000000000000000E-003   5.70832541666667      -0.511631285806451     
  0.302332916666667        5.70832541666667      -0.517308012344330     
  0.602665833333333        5.70832541666667      -0.518413041775034     
  0.902998750000000        5.70832541666667      -0.515959115391509     
   1.20333166666667        5.70832541666667      -0.511391390420288     
   1.50366458333333        5.70832541666667      -0.506105534500259     
   1.80399750000000        5.70832541666667      -0.501188947313146     
   2.10433041666667        5.70832541666667      -0.497476611968924     
   2.40466333333333        5.70832541666667      -0.495259851339329     
   2.70499625000000        5.70832541666667      -0.494322859154756     
   3.00532916666667        5.70832541666667      -0.493880151995252     
   3.30566208333333        5.70832541666667      -0.492583683256267     
   3.60599500000000        5.70832541666667      -0.488964632784239     
   3.90632791666667        5.70832541666667      -0.482384031958619     
   4.20666083333333        5.70832541666667      -0.473603780301963     
   4.50699375000000        5.70832541666667      -0.464213753091502     
   4.80732666666667        5.70832541666667      -0.455660229343128     
   5.10765958333333        5.70832541666667      -0.448766363995401     
   5.40799250000000        5.70832541666667      -0.443717634593949     
   5.70832541666667        5.70832541666667      -0.440192826441772     
   6.00865833333333        5.70832541666667      -0.437415891284082     
   6.30899125000000        5.70832541666667      -0.434495946489819     
   6.60932416666667        5.70832541666667      -0.430409084279759     
   6.90965708333333        5.70832541666667      -0.424150546816801     
   7.20999000000000        5.70832541666667      -0.415040980271997     
  2.000000000000000E-003   6.00865833333333      -0.502221052397818     
  0.302332916666667        6.00865833333333      -0.507010668320899     
  0.602665833333333        6.00865833333333      -0.507034394170487     
  0.902998750000000        6.00865833333333      -0.503752156010027     
   1.20333166666667        6.00865833333333      -0.498944009977201     
   1.50366458333333        6.00865833333333      -0.494045362679438     
   1.80399750000000        6.00865833333333      -0.490012691978731     
   2.10433041666667        6.00865833333333      -0.487619609653299     
   2.40466333333333        6.00865833333333      -0.487460668871511     
   2.70499625000000        6.00865833333333      -0.489516224447868     
   3.00532916666667        6.00865833333333      -0.492985398471114     
   3.30566208333333        6.00865833333333      -0.495643094908043     
   3.60599500000000        6.00865833333333      -0.494004757216672     
   3.90632791666667        6.00865833333333      -0.486446593436836     
   4.20666083333333        6.00865833333333      -0.474679528909591     
   4.50699375000000        6.00865833333333      -0.462276117971374     
   4.80732666666667        6.00865833333333      -0.451558559480954     
   5.10765958333333        6.00865833333333      -0.443390220998658     
   5.40799250000000        6.00865833333333      -0.437767512189074     
   5.70832541666667        6.00865833333333      -0.434045713055942     
   6.00865833333333        6.00865833333333      -0.431429912128634     
   6.30899125000000        6.00865833333333      -0.429061843355806     
   6.60932416666667        6.00865833333333      -0.425835999412213     
   6.90965708333333        6.00865833333333      -0.420487245124622     
   7.20999000000000        6.00865833333333      -0.412014506653682     
  2.000000000000000E-003   6.30899125000000      -0.499310867464604     
  0.302332916666667        6.30899125000000      -0.502498981516530     
  0.602665833333333        6.30899125000000      -0.499963740898919     
  0.902998750000000        6.30899125000000      -0.494338340516366     
   1.20333166666667        6.30899125000000      -0.488240123049225     
   1.50366458333333        6.30899125000000      -0.483133985337388     
   1.80399750000000        6.30899125000000      -0.479742208557759     
   2.10433041666667        6.30899125000000      -0.478720444672872     
   2.40466333333333        6.30899125000000      -0.481059642962624     
   2.70499625000000        6.30899125000000      -0.487478570643585     
   3.00532916666667        6.30899125000000      -0.497096506145579     
   3.30566208333333        6.30899125000000      -0.505431347096274     
   3.60599500000000        6.30899125000000      -0.506514616005239     
   3.90632791666667        6.30899125000000      -0.497221916473250     
   4.20666083333333        6.30899125000000      -0.480695615819680     
   4.50699375000000        6.30899125000000      -0.462979739072868     
   4.80732666666667        6.30899125000000      -0.448632957757620     
   5.10765958333333        6.30899125000000      -0.438604964438108     
   5.40799250000000        6.30899125000000      -0.432167951222361     
   5.70832541666667        6.30899125000000      -0.428275680113104     
   6.00865833333333        6.30899125000000      -0.426159987277120     
   6.30899125000000        6.30899125000000      -0.425066665825680     
   6.60932416666667        6.30899125000000      -0.423848379350951     
   6.90965708333333        6.30899125000000      -0.420659249262631     
   7.20999000000000        6.30899125000000      -0.413577307784619     
  2.000000000000000E-003   6.60932416666667      -0.502039512860917     
  0.302332916666667        6.60932416666667      -0.502410831237645     
  0.602665833333333        6.60932416666667      -0.495102249364999     
  0.902998750000000        6.60932416666667      -0.485562531056178     
   1.20333166666667        6.60932416666667      -0.477483425105494     
   1.50366458333333        6.60932416666667      -0.471917921013228     
   1.80399750000000        6.60932416666667      -0.469070141407195     
   2.10433041666667        6.60932416666667      -0.469471531944651     
   2.40466333333333        6.60932416666667      -0.474520595803484     
   2.70499625000000        6.60932416666667      -0.485714718138199     
   3.00532916666667        6.60932416666667      -0.501340760149578     
   3.30566208333333        6.60932416666667      -0.516116806822542     
   3.60599500000000        6.60932416666667      -0.520584836117284     
   3.90632791666667        6.60932416666667      -0.508921272162236     
   4.20666083333333        6.60932416666667      -0.486822259033813     
   4.50699375000000        6.60932416666667      -0.463814165097618     
   4.80732666666667        6.60932416666667      -0.445330300228534     
   5.10765958333333        6.60932416666667      -0.433161702169725     
   5.40799250000000        6.60932416666667      -0.425793964045613     
   5.70832541666667        6.60932416666667      -0.421769439599435     
   6.00865833333333        6.60932416666667      -0.420336018216594     
   6.30899125000000        6.60932416666667      -0.421059066913860     
   6.60932416666667        6.60932416666667      -0.423103172374282     
   6.90965708333333        6.60932416666667      -0.424001712692539     
   7.20999000000000        6.60932416666667      -0.419687697818349     
  2.000000000000000E-003   6.90965708333333      -0.506210029250850     
  0.302332916666667        6.90965708333333      -0.502986708829952     
  0.602665833333333        6.90965708333333      -0.488913608326252     
  0.902998750000000        6.90965708333333      -0.474938964747957     
   1.20333166666667        6.90965708333333      -0.465069523289186     
   1.50366458333333        6.90965708333333      -0.459206074056495     
   1.80399750000000        6.90965708333333      -0.456879948410595     
   2.10433041666667        6.90965708333333      -0.458472918776427     
   2.40466333333333        6.90965708333333      -0.465720543220984     
   2.70499625000000        6.90965708333333      -0.480035238621883     
   3.00532916666667        6.90965708333333      -0.499410382011559     
   3.30566208333333        6.90965708333333      -0.517763750863268     
   3.60599500000000        6.90965708333333      -0.524959951438580     
   3.90632791666667        6.90965708333333      -0.511517629521285     
   4.20666083333333        6.90965708333333      -0.486669487463700     
   4.50699375000000        6.90965708333333      -0.460549011838182     
   4.80732666666667        6.90965708333333      -0.439498444591745     
   5.10765958333333        6.90965708333333      -0.425671364818730     
   5.40799250000000        6.90965708333333      -0.417619084548284     
   5.70832541666667        6.90965708333333      -0.413526052002912     
   6.00865833333333        6.90965708333333      -0.412695436206987     
   6.30899125000000        6.90965708333333      -0.415128442369919     
   6.60932416666667        6.90965708333333      -0.420797445933018     
   6.90965708333333        6.90965708333333      -0.427110943011773     
   7.20999000000000        6.90965708333333      -0.425970112316990     
  2.000000000000000E-003   7.20999000000000      -0.501714911517949     
  0.302332916666667        7.20999000000000      -0.495172792931837     
  0.602665833333333        7.20999000000000      -0.477625080622307     
  0.902998750000000        7.20999000000000      -0.460957950605646     
   1.20333166666667        7.20999000000000      -0.450212939309566     
   1.50366458333333        7.20999000000000      -0.444381558991875     
   1.80399750000000        7.20999000000000      -0.442459298048633     
   2.10433041666667        7.20999000000000      -0.444717125253009     
   2.40466333333333        7.20999000000000      -0.452918015333151     
   2.70499625000000        7.20999000000000      -0.468270775168415     
   3.00532916666667        7.20999000000000      -0.488353554014876     
   3.30566208333333        7.20999000000000      -0.506646281818177     
   3.60599500000000        7.20999000000000      -0.520262455450939     
   3.90632791666667        7.20999000000000      -0.501043890953562     
   4.20666083333333        7.20999000000000      -0.477054335290181     
   4.50699375000000        7.20999000000000      -0.450871847269948     
   4.80732666666667        7.20999000000000      -0.429355746457209     
   5.10765958333333        7.20999000000000      -0.415135261993072     
   5.40799250000000        7.20999000000000      -0.406963033748498     
   5.70832541666667        7.20999000000000      -0.402965065142835     
   6.00865833333333        7.20999000000000      -0.402494501862303     
   6.30899125000000        7.20999000000000      -0.405908673576278     
   6.60932416666667        7.20999000000000      -0.413753438287918     
   6.90965708333333        7.20999000000000      -0.422752318655803     
   7.20999000000000        7.20999000000000      -0.424264114601309     
