  2.000000000000000E-003  2.000000000000000E-003 -0.776401467864231     
  0.302332916666667       2.000000000000000E-003 -0.778891648282205     
  0.602665833333333       2.000000000000000E-003 -0.767223286768979     
  0.902998750000000       2.000000000000000E-003 -0.761682080247386     
   1.20333166666667       2.000000000000000E-003 -0.764915015848514     
   1.50366458333333       2.000000000000000E-003 -0.778037461645047     
   1.80399750000000       2.000000000000000E-003 -0.803563957376574     
   2.10433041666667       2.000000000000000E-003 -0.846047243433605     
   2.40466333333333       2.000000000000000E-003 -0.913271886781457     
   2.70499625000000       2.000000000000000E-003  -1.01060284078797     
   3.00532916666667       2.000000000000000E-003  -1.12719933659356     
   3.30566208333333       2.000000000000000E-003  -1.22945387951362     
   3.60599500000000       2.000000000000000E-003  -1.29260158839023     
   3.90632791666667       2.000000000000000E-003  -1.22945108690828     
   4.20666083333333       2.000000000000000E-003  -1.12719257102196     
   4.50699375000000       2.000000000000000E-003  -1.01058975139790     
   4.80732666666667       2.000000000000000E-003 -0.913252092158330     
   5.10765958333333       2.000000000000000E-003 -0.846019930651355     
   5.40799250000000       2.000000000000000E-003 -0.803528863485067     
   5.70832541666667       2.000000000000000E-003 -0.777993760667225     
   6.00865833333333       2.000000000000000E-003 -0.764861170510522     
   6.30899125000000       2.000000000000000E-003 -0.761615886560153     
   6.60932416666667       2.000000000000000E-003 -0.767142668468575     
   6.90965708333333       2.000000000000000E-003 -0.778801736232811     
   7.20999000000000       2.000000000000000E-003 -0.776322806200778     
  2.000000000000000E-003  0.302332916666667      -0.762021054185874     
  0.302332916666667       0.302332916666667      -0.770132250574658     
  0.602665833333333       0.302332916666667      -0.772130881201312     
  0.902998750000000       0.302332916666667      -0.775578543621915     
   1.20333166666667       0.302332916666667      -0.783190139977238     
   1.50366458333333       0.302332916666667      -0.798812322255928     
   1.80399750000000       0.302332916666667      -0.826544388429850     
   2.10433041666667       0.302332916666667      -0.871500838000145     
   2.40466333333333       0.302332916666667      -0.941689919714985     
   2.70499625000000       0.302332916666667       -1.04329066006651     
   3.00532916666667       0.302332916666667       -1.16652220685560     
   3.30566208333333       0.302332916666667       -1.27887795354216     
   3.60599500000000       0.302332916666667       -1.32884505429207     
   3.90632791666667       0.302332916666667       -1.27885857187947     
   4.20666083333333       0.302332916666667       -1.16650024748050     
   4.50699375000000       0.302332916666667       -1.04327073775157     
   4.80732666666667       0.302332916666667      -0.941671089193567     
   5.10765958333333       0.302332916666667      -0.871480605098094     
   5.40799250000000       0.302332916666667      -0.826520252297981     
   5.70832541666667       0.302332916666667      -0.798781471708007     
   6.00865833333333       0.302332916666667      -0.783149325239728     
   6.30899125000000       0.302332916666667      -0.775525336517513     
   6.60932416666667       0.302332916666667      -0.772066220116049     
   6.90965708333333       0.302332916666667      -0.770066087675836     
   7.20999000000000       0.302332916666667      -0.761953111465855     
  2.000000000000000E-003  0.602665833333333      -0.729632447915347     
  0.302332916666667       0.602665833333333      -0.748352642329562     
  0.602665833333333       0.602665833333333      -0.764727758938743     
  0.902998750000000       0.602665833333333      -0.777804648936145     
   1.20333166666667       0.602665833333333      -0.791018472671341     
   1.50366458333333       0.602665833333333      -0.809863240830632     
   1.80399750000000       0.602665833333333      -0.839422941753059     
   2.10433041666667       0.602665833333333      -0.884993394257781     
   2.40466333333333       0.602665833333333      -0.953446476679264     
   2.70499625000000       0.602665833333333       -1.05175981544967     
   3.00532916666667       0.602665833333333       -1.16968624282880     
   3.30566208333333       0.602665833333333       -1.27697046961426     
   3.60599500000000       0.602665833333333       -1.32252813183446     
   3.90632791666667       0.602665833333333       -1.27695226683848     
   4.20666083333333       0.602665833333333       -1.16966329191145     
   4.50699375000000       0.602665833333333       -1.05174042557789     
   4.80732666666667       0.602665833333333      -0.953432139691694     
   5.10765958333333       0.602665833333333      -0.884981406466157     
   5.40799250000000       0.602665833333333      -0.839410753541598     
   5.70832541666667       0.602665833333333      -0.809847113334983     
   6.00865833333333       0.602665833333333      -0.790994635158119     
   6.30899125000000       0.602665833333333      -0.777771243856878     
   6.60932416666667       0.602665833333333      -0.764687731233790     
   6.90965708333333       0.602665833333333      -0.748311619436755     
   7.20999000000000       0.602665833333333      -0.729583390949598     
  2.000000000000000E-003  0.902998750000000      -0.701761917688207     
  0.302332916666667       0.902998750000000      -0.729264950220580     
  0.602665833333333       0.902998750000000      -0.752805850567345     
  0.902998750000000       0.902998750000000      -0.772102202977103     
   1.20333166666667       0.902998750000000      -0.790140510436113     
   1.50366458333333       0.902998750000000      -0.812010983523568     
   1.80399750000000       0.902998750000000      -0.842904108498747     
   2.10433041666667       0.902998750000000      -0.887703515798945     
   2.40466333333333       0.902998750000000      -0.951066645185908     
   2.70499625000000       0.902998750000000       -1.03620275358629     
   3.00532916666667       0.902998750000000       -1.13703468941460     
   3.30566208333333       0.902998750000000       -1.22350993399310     
   3.60599500000000       0.902998750000000       -1.25854289813936     
   3.90632791666667       0.902998750000000       -1.22349821003494     
   4.20666083333333       0.902998750000000       -1.13701891833357     
   4.50699375000000       0.902998750000000       -1.03618998347336     
   4.80732666666667       0.902998750000000      -0.951058421764823     
   5.10765958333333       0.902998750000000      -0.887698998032086     
   5.40799250000000       0.902998750000000      -0.842902003794127     
   5.70832541666667       0.902998750000000      -0.812007503325304     
   6.00865833333333       0.902998750000000      -0.790131390761810     
   6.30899125000000       0.902998750000000      -0.772085104256850     
   6.60932416666667       0.902998750000000      -0.752781142515889     
   6.90965708333333       0.902998750000000      -0.729232860720583     
   7.20999000000000       0.902998750000000      -0.701718118951673     
  2.000000000000000E-003   1.20333166666667      -0.683408671967406     
  0.302332916666667        1.20333166666667      -0.713871601148837     
  0.602665833333333        1.20333166666667      -0.740136871280458     
  0.902998750000000        1.20333166666667      -0.762428933616427     
   1.20333166666667        1.20333166666667      -0.783215403357715     
   1.50366458333333        1.20333166666667      -0.806838387906963     
   1.80399750000000        1.20333166666667      -0.838028199456889     
   2.10433041666667        1.20333166666667      -0.881259111850512     
   2.40466333333333        1.20333166666667      -0.938610011480414     
   2.70499625000000        1.20333166666667       -1.00792429332001     
   3.00532916666667        1.20333166666667       -1.08237936473844     
   3.30566208333333        1.20333166666667       -1.14567027497133     
   3.60599500000000        1.20333166666667       -1.17097605935100     
   3.90632791666667        1.20333166666667       -1.14566415403052     
   4.20666083333333        1.20333166666667       -1.08237102776165     
   4.50699375000000        1.20333166666667       -1.00791779767079     
   4.80732666666667        1.20333166666667      -0.938607369821151     
   5.10765958333333        1.20333166666667      -0.881260441843368     
   5.40799250000000        1.20333166666667      -0.838032728700716     
   5.70832541666667        1.20333166666667      -0.806843063301707     
   6.00865833333333        1.20333166666667      -0.783215692542806     
   6.30899125000000        1.20333166666667      -0.762421399010194     
   6.60932416666667        1.20333166666667      -0.740119552782002     
   6.90965708333333        1.20333166666667      -0.713842830183264     
   7.20999000000000        1.20333166666667      -0.683366609952917     
  2.000000000000000E-003   1.50366458333333      -0.672116319713515     
  0.302332916666667        1.50366458333333      -0.702509641730237     
  0.602665833333333        1.50366458333333      -0.728811135797769     
  0.902998750000000        1.50366458333333      -0.751487107073947     
   1.20333166666667        1.50366458333333      -0.772707995376998     
   1.50366458333333        1.50366458333333      -0.796160644073779     
   1.80399750000000        1.50366458333333      -0.826322421019379     
   2.10433041666667        1.50366458333333      -0.867070520599817     
   2.40466333333333        1.50366458333333      -0.918228477872177     
   2.70499625000000        1.50366458333333      -0.975947932670318     
   3.00532916666667        1.50366458333333       -1.03215049788071     
   3.30566208333333        1.50366458333333       -1.07470224871415     
   3.60599500000000        1.50366458333333       -1.09082901575609     
   3.90632791666667        1.50366458333333       -1.07469901083375     
   4.20666083333333        1.50366458333333       -1.03214630518186     
   4.50699375000000        1.50366458333333      -0.975945727180040     
   4.80732666666667        1.50366458333333      -0.918230143381903     
   5.10765958333333        1.50366458333333      -0.867076156637388     
   5.40799250000000        1.50366458333333      -0.826330677562309     
   5.70832541666667        1.50366458333333      -0.796169257969333     
   6.00865833333333        1.50366458333333      -0.772712963950120     
   6.30899125000000        1.50366458333333      -0.751484515871974     
   6.60932416666667        1.50366458333333      -0.728798147742472     
   6.90965708333333        1.50366458333333      -0.702484459983364     
   7.20999000000000        1.50366458333333      -0.672078351094653     
  2.000000000000000E-003   1.80399750000000      -0.666370144701762     
  0.302332916666667        1.80399750000000      -0.695470221567906     
  0.602665833333333        1.80399750000000      -0.720101081548643     
  0.902998750000000        1.80399750000000      -0.741120874495685     
   1.20333166666667        1.80399750000000      -0.760637366419484     
   1.50366458333333        1.80399750000000      -0.782229572021448     
   1.80399750000000        1.80399750000000      -0.810149128750269     
   2.10433041666667        1.80399750000000      -0.846455840441626     
   2.40466333333333        1.80399750000000      -0.890598951023481     
   2.70499625000000        1.80399750000000      -0.938723277510894     
   3.00532916666667        1.80399750000000      -0.983621542967784     
   3.30566208333333        1.80399750000000       -1.01609790246251     
   3.60599500000000        1.80399750000000       -1.02802572850844     
   3.90632791666667        1.80399750000000       -1.01609616256921     
   4.20666083333333        1.80399750000000      -0.983619811130813     
   4.50699375000000        1.80399750000000      -0.938723939581035     
   4.80732666666667        1.80399750000000      -0.890603604614895     
   5.10765958333333        1.80399750000000      -0.846464430824112     
   5.40799250000000        1.80399750000000      -0.810160002966702     
   5.70832541666667        1.80399750000000      -0.782240139179602     
   6.00865833333333        1.80399750000000      -0.760644624361867     
   6.30899125000000        1.80399750000000      -0.741121570080317     
   6.60932416666667        1.80399750000000      -0.720092708094426     
   6.90965708333333        1.80399750000000      -0.695451339565538     
   7.20999000000000        1.80399750000000      -0.666340755584125     
  2.000000000000000E-003   2.10433041666667      -0.667114622684215     
  0.302332916666667        2.10433041666667      -0.694189975609918     
  0.602665833333333        2.10433041666667      -0.715779383037927     
  0.902998750000000        2.10433041666667      -0.733262347119820     
   1.20333166666667        2.10433041666667      -0.749603547481628     
   1.50366458333333        2.10433041666667      -0.768056242670689     
   1.80399750000000        2.10433041666667      -0.791424428244387     
   2.10433041666667        2.10433041666667      -0.821308047983301     
   2.40466333333333        2.10433041666667      -0.857213475233715     
   2.70499625000000        2.10433041666667      -0.895880246348199     
   3.00532916666667        2.10433041666667      -0.931434055340249     
   3.30566208333333        2.10433041666667      -0.956776663296208     
   3.60599500000000        2.10433041666667      -0.965995299059800     
   3.90632791666667        2.10433041666667      -0.956775902454853     
   4.20666083333333        2.10433041666667      -0.931433954804943     
   4.50699375000000        2.10433041666667      -0.895882771939337     
   4.80732666666667        2.10433041666667      -0.857219949316890     
   5.10765958333333        2.10433041666667      -0.821318361928895     
   5.40799250000000        2.10433041666667      -0.791437034055862     
   5.70832541666667        2.10433041666667      -0.768068764816364     
   6.00865833333333        2.10433041666667      -0.749613502863859     
   6.30899125000000        2.10433041666667      -0.733267553216394     
   6.60932416666667        2.10433041666667      -0.715778144769747     
   6.90965708333333        2.10433041666667      -0.694181593125334     
   7.20999000000000        2.10433041666667      -0.667099114249801     
  2.000000000000000E-003   2.40466333333333      -0.678131153728774     
  0.302332916666667        2.40466333333333      -0.702721602284291     
  0.602665833333333        2.40466333333333      -0.719410530663286     
  0.902998750000000        2.40466333333333      -0.731191342719893     
   1.20333166666667        2.40466333333333      -0.741948656594452     
   1.50366458333333        2.40466333333333      -0.754797586437732     
   1.80399750000000        2.40466333333333      -0.771832775749911     
   2.10433041666667        2.40466333333333      -0.794082947967261     
   2.40466333333333        2.40466333333333      -0.821039437644195     
   2.70499625000000        2.40466333333333      -0.850142642765840     
   3.00532916666667        2.40466333333333      -0.876888295606207     
   3.30566208333333        2.40466333333333      -0.895915539529357     
   3.60599500000000        2.40466333333333      -0.902825934815592     
   3.90632791666667        2.40466333333333      -0.895915525624422     
   4.20666083333333        2.40466333333333      -0.876889379091269     
   4.50699375000000        2.40466333333333      -0.850146368279661     
   4.80732666666667        2.40466333333333      -0.821046852854001     
   5.10765958333333        2.40466333333333      -0.794093977677338     
   5.40799250000000        2.40466333333333      -0.771846223918868     
   5.70832541666667        2.40466333333333      -0.754811682416103     
   6.00865833333333        2.40466333333333      -0.741961772075183     
   6.30899125000000        2.40466333333333      -0.731202494584080     
   6.60932416666667        2.40466333333333      -0.719419459645490     
   6.90965708333333        2.40466333333333      -0.702728395189370     
   7.20999000000000        2.40466333333333      -0.678135483745557     
  2.000000000000000E-003   2.70499625000000      -0.702189508444454     
  0.302332916666667        2.70499625000000      -0.724222358848397     
  0.602665833333333        2.70499625000000      -0.734497491161789     
  0.902998750000000        2.70499625000000      -0.736345526212323     
   1.20333166666667        2.70499625000000      -0.737460258598890     
   1.50366458333333        2.70499625000000      -0.742550784162206     
   1.80399750000000        2.70499625000000      -0.752388306663395     
   2.10433041666667        2.70499625000000      -0.766924956284589     
   2.40466333333333        2.70499625000000      -0.785338494232361     
   2.70499625000000        2.70499625000000      -0.805592121103101     
   3.00532916666667        2.70499625000000      -0.824373569136587     
   3.30566208333333        2.70499625000000      -0.837795840556919     
   3.60599500000000        2.70499625000000      -0.842680147884639     
   3.90632791666667        2.70499625000000      -0.837796480208039     
   4.20666083333333        2.70499625000000      -0.824375641268658     
   4.50699375000000        2.70499625000000      -0.805596730043614     
   4.80732666666667        2.70499625000000      -0.785346396540687     
   5.10765958333333        2.70499625000000      -0.766936124574990     
   5.40799250000000        2.70499625000000      -0.752401959551226     
   5.70832541666667        2.70499625000000      -0.742565849692584     
   6.00865833333333        2.70499625000000      -0.737476051617423     
   6.30899125000000        2.70499625000000      -0.736362387515305     
   6.60932416666667        2.70499625000000      -0.734516919461142     
   6.90965708333333        2.70499625000000      -0.724245650025911     
   7.20999000000000        2.70499625000000      -0.702215419497329     
  2.000000000000000E-003   3.00532916666667      -0.734724059802927     
  0.302332916666667        3.00532916666667      -0.754491952913185     
  0.602665833333333        3.00532916666667      -0.756940992333281     
  0.902998750000000        3.00532916666667      -0.746575679516448     
   1.20333166666667        3.00532916666667      -0.734540488689101     
   1.50366458333333        3.00532916666667      -0.730207250685311     
   1.80399750000000        3.00532916666667      -0.732929140228480     
   2.10433041666667        3.00532916666667      -0.740734262251895     
   2.40466333333333        3.00532916666667      -0.752094735385134     
   2.70499625000000        3.00532916666667      -0.765192290576290     
   3.00532916666667        3.00532916666667      -0.777585125502955     
   3.30566208333333        3.00532916666667      -0.786528694304875     
   3.60599500000000        3.00532916666667      -0.789797130201148     
   3.90632791666667        3.00532916666667      -0.786529972657496     
   4.20666083333333        3.00532916666667      -0.777588170952138     
   4.50699375000000        3.00532916666667      -0.765197779936500     
   4.80732666666667        3.00532916666667      -0.752103125406812     
   5.10765958333333        3.00532916666667      -0.740745528982157     
   5.40799250000000        3.00532916666667      -0.732942824747025     
   5.70832541666667        3.00532916666667      -0.730222820233812     
   6.00865833333333        3.00532916666667      -0.734557988595428     
   6.30899125000000        3.00532916666667      -0.746596566540302     
   6.60932416666667        3.00532916666667      -0.756967676802330     
   6.90965708333333        3.00532916666667      -0.754526856281845     
   7.20999000000000        3.00532916666667      -0.734765868924572     
  2.000000000000000E-003   3.30566208333333      -0.763898494854049     
  0.302332916666667        3.30566208333333      -0.782380454912568     
  0.602665833333333        3.30566208333333      -0.776889178149503     
  0.902998750000000        3.30566208333333      -0.753194505521023     
   1.20333166666667        3.30566208333333      -0.729019772491859     
   1.50366458333333        3.30566208333333      -0.715446419437546     
   1.80399750000000        3.30566208333333      -0.712256522871097     
   2.10433041666667        3.30566208333333      -0.715043215956093     
   2.40466333333333        3.30566208333333      -0.721420968958382     
   2.70499625000000        3.30566208333333      -0.729558791041818     
   3.00532916666667        3.30566208333333      -0.737541323760149     
   3.30566208333333        3.30566208333333      -0.743390875760154     
   3.60599500000000        3.30566208333333      -0.745541894172612     
   3.90632791666667        3.30566208333333      -0.743392802463258     
   4.20666083333333        3.30566208333333      -0.737545409874388     
   4.50699375000000        3.30566208333333      -0.729565346590687     
   4.80732666666667        3.30566208333333      -0.721430172826439     
   5.10765958333333        3.30566208333333      -0.715054986114962     
   5.40799250000000        3.30566208333333      -0.712270544025051     
   5.70832541666667        3.30566208333333      -0.715462342846918     
   6.00865833333333        3.30566208333333      -0.729037681604848     
   6.30899125000000        3.30566208333333      -0.753215484316201     
   6.60932416666667        3.30566208333333      -0.776915264614518     
   6.90965708333333        3.30566208333333      -0.782413094260171     
   7.20999000000000        3.30566208333333      -0.763936538643457     
  2.000000000000000E-003   3.60599500000000      -0.783622772015730     
  0.302332916666667        3.60599500000000      -0.789052382697504     
  0.602665833333333        3.60599500000000      -0.776805749053419     
  0.902998750000000        3.60599500000000      -0.745184797904643     
   1.20333166666667        3.60599500000000      -0.714505288573313     
   1.50366458333333        3.60599500000000      -0.695802644327356     
   1.80399750000000        3.60599500000000      -0.689096794062143     
   2.10433041666667        3.60599500000000      -0.688871022773956     
   2.40466333333333        3.60599500000000      -0.692300036039240     
   2.70499625000000        3.60599500000000      -0.697533093038153     
   3.00532916666667        3.60599500000000      -0.702937030545544     
   3.30566208333333        3.60599500000000      -0.706973464698909     
   3.60599500000000        3.60599500000000      -0.708468365345836     
   3.90632791666667        3.60599500000000      -0.706976026252627     
   4.20666083333333        3.60599500000000      -0.702942204714821     
   4.50699375000000        3.60599500000000      -0.697540925171232     
   4.80732666666667        3.60599500000000      -0.692310489418719     
   5.10765958333333        3.60599500000000      -0.688883924572420     
   5.40799250000000        3.60599500000000      -0.689111814562506     
   5.70832541666667        3.60599500000000      -0.695819278968391     
   6.00865833333333        3.60599500000000      -0.714522879741076     
   6.30899125000000        3.60599500000000      -0.745203188512229     
   6.60932416666667        3.60599500000000      -0.776826009762145     
   6.90965708333333        3.60599500000000      -0.789076005566059     
   7.20999000000000        3.60599500000000      -0.783646528407198     
  2.000000000000000E-003   3.90632791666667      -0.739985239062545     
  0.302332916666667        3.90632791666667      -0.756063192331513     
  0.602665833333333        3.90632791666667      -0.745761744001759     
  0.902998750000000        3.90632791666667      -0.717142024062194     
   1.20333166666667        3.90632791666667      -0.688536455091403     
   1.50366458333333        3.90632791666667      -0.670701904373074     
   1.80399750000000        3.90632791666667      -0.663333597261051     
   2.10433041666667        3.90632791666667      -0.661910676677675     
   2.40466333333333        3.90632791666667      -0.663952204311946     
   2.70499625000000        3.90632791666667      -0.667766886220239     
   3.00532916666667        3.90632791666667      -0.671901088386651     
   3.30566208333333        3.90632791666667      -0.675041148358370     
   3.60599500000000        3.90632791666667      -0.676210977666326     
   3.90632791666667        3.90632791666667      -0.675044288065432     
   4.20666083333333        3.90632791666667      -0.671907322019897     
   4.50699375000000        3.90632791666667      -0.667776117162577     
   4.80732666666667        3.90632791666667      -0.663964275064218     
   5.10765958333333        3.90632791666667      -0.661925345361898     
   5.40799250000000        3.90632791666667      -0.663350473501032     
   5.70832541666667        3.90632791666667      -0.670720279823258     
   6.00865833333333        3.90632791666667      -0.688554846091044     
   6.30899125000000        3.90632791666667      -0.717159152897473     
   6.60932416666667        3.90632791666667      -0.745777929251483     
   6.90965708333333        3.90632791666667      -0.756081123448927     
   7.20999000000000        3.90632791666667      -0.740005773917151     
  2.000000000000000E-003   4.20666083333333      -0.687284254290070     
  0.302332916666667        4.20666083333333      -0.700727712652246     
  0.602665833333333        4.20666083333333      -0.694778898977615     
  0.902998750000000        4.20666083333333      -0.675743337028114     
   1.20333166666667        4.20666083333333      -0.655317473572109     
   1.50366458333333        4.20666083333333      -0.642484699510837     
   1.80399750000000        4.20666083333333      -0.636496878263542     
   2.10433041666667        4.20666083333333      -0.635126809488596     
   2.40466333333333        4.20666083333333      -0.636743750809512     
   2.70499625000000        4.20666083333333      -0.639994001973985     
   3.00532916666667        4.20666083333333      -0.643593641577954     
   3.30566208333333        4.20666083333333      -0.646351611533222     
   3.60599500000000        4.20666083333333      -0.647382569016313     
   3.90632791666667        4.20666083333333      -0.646355243851651     
   4.20666083333333        4.20666083333333      -0.643600842672751     
   4.50699375000000        4.20666083333333      -0.640004652248036     
   4.80732666666667        4.20666083333333      -0.636757678056959     
   5.10765958333333        4.20666083333333      -0.635143767541952     
   5.40799250000000        4.20666083333333      -0.636516473680595     
   5.70832541666667        4.20666083333333      -0.642506225278439     
   6.00865833333333        4.20666083333333      -0.655339558459542     
   6.30899125000000        4.20666083333333      -0.675764085329368     
   6.60932416666667        4.20666083333333      -0.694798106492830     
   6.90965708333333        4.20666083333333      -0.700746416001570     
   7.20999000000000        4.20666083333333      -0.687303823296278     
  2.000000000000000E-003   4.50699375000000      -0.630848911574829     
  0.302332916666667        4.50699375000000      -0.643412474925733     
  0.602665833333333        4.50699375000000      -0.642788221427977     
  0.902998750000000        4.50699375000000      -0.633255714483774     
   1.20333166666667        4.50699375000000      -0.622461678305364     
   1.50366458333333        4.50699375000000      -0.614899336568049     
   1.80399750000000        4.50699375000000      -0.611029227814259     
   2.10433041666667        4.50699375000000      -0.610343707286483     
   2.40466333333333        4.50699375000000      -0.612045074666353     
   2.70499625000000        4.50699375000000      -0.615164161570793     
   3.00532916666667        4.50699375000000      -0.618591648955193     
   3.30566208333333        4.50699375000000      -0.621219409214674     
   3.60599500000000        4.50699375000000      -0.622202799646378     
   3.90632791666667        4.50699375000000      -0.621223449621724     
   4.20666083333333        4.50699375000000      -0.618599712841615     
   4.50699375000000        4.50699375000000      -0.615176205599716     
   4.80732666666667        4.50699375000000      -0.612061007294449     
   5.10765958333333        4.50699375000000      -0.610363350742612     
   5.40799250000000        4.50699375000000      -0.611052262511357     
   5.70832541666667        4.50699375000000      -0.614925230257919     
   6.00865833333333        4.50699375000000      -0.622489611351495     
   6.30899125000000        4.50699375000000      -0.633284610643869     
   6.60932416666667        4.50699375000000      -0.642817700853960     
   6.90965708333333        4.50699375000000      -0.643443372011164     
   7.20999000000000        4.50699375000000      -0.630882781402834     
  2.000000000000000E-003   4.80732666666667      -0.584176548143585     
  0.302332916666667        4.80732666666667      -0.596862332223846     
  0.602665833333333        4.80732666666667      -0.600677071195864     
  0.902998750000000        4.80732666666667      -0.598632954573089     
   1.20333166666667        4.80732666666667      -0.594486747213329     
   1.50366458333333        4.80732666666667      -0.590860574524073     
   1.80399750000000        4.80732666666667      -0.588997607497136     
   2.10433041666667        4.80732666666667      -0.589229106870326     
   2.40466333333333        4.80732666666667      -0.591318742098345     
   2.70499625000000        4.80732666666667      -0.594608409362796     
   3.00532916666667        4.80732666666667      -0.598130126724342     
   3.30566208333333        4.80732666666667      -0.600817267619583     
   3.60599500000000        4.80732666666667      -0.601822588472992     
   3.90632791666667        4.80732666666667      -0.600821645632399     
   4.20666083333333        4.80732666666667      -0.598138965254621     
   4.50699375000000        4.80732666666667      -0.594621822033935     
   4.80732666666667        4.80732666666667      -0.591336794504692     
   5.10765958333333        4.80732666666667      -0.589251742999528     
   5.40799250000000        4.80732666666667      -0.589024615118188     
   5.70832541666667        4.80732666666667      -0.590891619717700     
   6.00865833333333        4.80732666666667      -0.594521497638974     
   6.30899125000000        4.80732666666667      -0.598671294668962     
   6.60932416666667        4.80732666666667      -0.600719368568426     
   6.90965708333333        4.80732666666667      -0.596909447755067     
   7.20999000000000        4.80732666666667      -0.584229062838449     
  2.000000000000000E-003   5.10765958333333      -0.551943945644427     
  0.302332916666667        5.10765958333333      -0.564811884549045     
  0.602665833333333        5.10765958333333      -0.571380774304080     
  0.902998750000000        5.10765958333333      -0.573257131650346     
   1.20333166666667        5.10765958333333      -0.572649113836011     
   1.50366458333333        5.10765958333333      -0.571542304499219     
   1.80399750000000        5.10765958333333      -0.571265512045936     
   2.10433041666667        5.10765958333333      -0.572476535931370     
   2.40466333333333        5.10765958333333      -0.575240693003602     
   2.70499625000000        5.10765958333333      -0.579085509847861     
   3.00532916666667        5.10765958333333      -0.583094424187175     
   3.30566208333333        5.10765958333333      -0.586142360172024     
   3.60599500000000        5.10765958333333      -0.587283800056113     
   3.90632791666667        5.10765958333333      -0.586146988967074     
   4.20666083333333        5.10765958333333      -0.583103924807230     
   4.50699375000000        5.10765958333333      -0.579100238703274     
   4.80732666666667        5.10765958333333      -0.575260942152722     
   5.10765958333333        5.10765958333333      -0.572502399576352     
   5.40799250000000        5.10765958333333      -0.571296861542849     
   5.70832541666667        5.10765958333333      -0.571578915279853     
   6.00865833333333        5.10765958333333      -0.572690954635382     
   6.30899125000000        5.10765958333333      -0.573304720129520     
   6.60932416666667        5.10765958333333      -0.571435257331518     
   6.90965708333333        5.10765958333333      -0.564874180014842     
   7.20999000000000        5.10765958333333      -0.552014013416789     
  2.000000000000000E-003   5.40799250000000      -0.531688985926407     
  0.302332916666667        5.40799250000000      -0.544376943601205     
  0.602665833333333        5.40799250000000      -0.551992711494105     
  0.902998750000000        5.40799250000000      -0.555531280699257     
   1.20333166666667        5.40799250000000      -0.556546973009413     
   1.50366458333333        5.40799250000000      -0.556719008760405     
   1.80399750000000        5.40799250000000      -0.557501651279110     
   2.10433041666667        5.40799250000000      -0.559686496531124     
   2.40466333333333        5.40799250000000      -0.563476795991351     
   2.70499625000000        5.40799250000000      -0.568467987441564     
   3.00532916666667        5.40799250000000      -0.573656139284076     
   3.30566208333333        5.40799250000000      -0.577645029974590     
   3.60599500000000        5.40799250000000      -0.579152688470726     
   3.90632791666667        5.40799250000000      -0.577649713725703     
   4.20666083333333        5.40799250000000      -0.573666032063671     
   4.50699375000000        5.40799250000000      -0.568483835226988     
   4.80732666666667        5.40799250000000      -0.563499207701887     
   5.10765958333333        5.40799250000000      -0.559715725999794     
   5.40799250000000        5.40799250000000      -0.557537572120110     
   5.70832541666667        5.40799250000000      -0.556761314888417     
   6.00865833333333        5.40799250000000      -0.556595667311221     
   6.30899125000000        5.40799250000000      -0.555587234689577     
   6.60932416666667        5.40799250000000      -0.552057509610416     
   6.90965708333333        5.40799250000000      -0.544451857172840     
   7.20999000000000        5.40799250000000      -0.531773559797387     
  2.000000000000000E-003   5.70832541666667      -0.519922309262211     
  0.302332916666667        5.70832541666667      -0.532089672843957     
  0.602665833333333        5.70832541666667      -0.539628698190809     
  0.902998750000000        5.70832541666667      -0.543382428016445     
   1.20333166666667        5.70832541666667      -0.544792299518639     
   1.50366458333333        5.70832541666667      -0.545430516138701     
   1.80399750000000        5.70832541666667      -0.546709340681670     
   2.10433041666667        5.70832541666667      -0.549823542216587     
   2.40466333333333        5.70832541666667      -0.555099887515170     
   2.70499625000000        5.70832541666667      -0.562160078939228     
   3.00532916666667        5.70832541666667      -0.569782361121271     
   3.30566208333333        5.70832541666667      -0.575900798361801     
   3.60599500000000        5.70832541666667      -0.578280437322678     
   3.90632791666667        5.70832541666667      -0.575905023409050     
   4.20666083333333        5.70832541666667      -0.569791958557172     
   4.50699375000000        5.70832541666667      -0.562176513675048     
   4.80732666666667        5.70832541666667      -0.555124224020634     
   5.10765958333333        5.70832541666667      -0.549856180191630     
   5.40799250000000        5.70832541666667      -0.546750018319721     
   5.70832541666667        5.70832541666667      -0.545478522836780     
   6.00865833333333        5.70832541666667      -0.544847414916183     
   6.30899125000000        5.70832541666667      -0.543445830231774     
   6.60932416666667        5.70832541666667      -0.539702470332168     
   6.90965708333333        5.70832541666667      -0.532175480587827     
   7.20999000000000        5.70832541666667      -0.520019468296848     
  2.000000000000000E-003   6.00865833333333      -0.514872255176113     
  0.302332916666667        6.00865833333333      -0.526021267410627     
  0.602665833333333        6.00865833333333      -0.532322942599600     
  0.902998750000000        6.00865833333333      -0.534937330890986     
   1.20333166666667        6.00865833333333      -0.535618526308538     
   1.50366458333333        6.00865833333333      -0.536080788913459     
   1.80399750000000        6.00865833333333      -0.537693236138911     
   2.10433041666667        6.00865833333333      -0.541719994161577     
   2.40466333333333        6.00865833333333      -0.549093648791515     
   2.70499625000000        6.00865833333333      -0.559667537848674     
   3.00532916666667        6.00865833333333      -0.572134346641381     
   3.30566208333333        6.00865833333333      -0.583134054861010     
   3.60599500000000        6.00865833333333      -0.587594997753809     
   3.90632791666667        6.00865833333333      -0.583136415051430     
   4.20666083333333        6.00865833333333      -0.572141999683787     
   4.50699375000000        6.00865833333333      -0.559683436187971     
   4.80732666666667        6.00865833333333      -0.549119426335321     
   5.10765958333333        6.00865833333333      -0.541756099819487     
   5.40799250000000        6.00865833333333      -0.537739098747445     
   5.70832541666667        6.00865833333333      -0.536134892052410     
   6.00865833333333        6.00865833333333      -0.535680482737235     
   6.30899125000000        6.00865833333333      -0.535008477036974     
   6.60932416666667        6.00865833333333      -0.532405976300570     
   6.90965708333333        6.00865833333333      -0.526118441616562     
   7.20999000000000        6.00865833333333      -0.514982414352120     
  2.000000000000000E-003   6.30899125000000      -0.516079128816512     
  0.302332916666667        6.30899125000000      -0.525116311716961     
  0.602665833333333        6.30899125000000      -0.528533363933446     
  0.902998750000000        6.30899125000000      -0.528437183495778     
   1.20333166666667        6.30899125000000      -0.527342582704687     
   1.50366458333333        6.30899125000000      -0.527100512449294     
   1.80399750000000        6.30899125000000      -0.528980780575078     
   2.10433041666667        6.30899125000000      -0.534186458053372     
   2.40466333333333        6.30899125000000      -0.544346860343509     
   2.70499625000000        6.30899125000000      -0.560450489890084     
   3.00532916666667        6.30899125000000      -0.581003507466327     
   3.30566208333333        6.30899125000000      -0.599391270233255     
   3.60599500000000        6.30899125000000      -0.607008879450756     
   3.90632791666667        6.30899125000000      -0.599389523137194     
   4.20666083333333        6.30899125000000      -0.581006045309862     
   4.50699375000000        6.30899125000000      -0.560463874779030     
   4.80732666666667        6.30899125000000      -0.544373420968571     
   5.10765958333333        6.30899125000000      -0.534226312220020     
   5.40799250000000        6.30899125000000      -0.529032493751716     
   5.70832541666667        6.30899125000000      -0.527161746247622     
   6.00865833333333        6.30899125000000      -0.527412687647487     
   6.30899125000000        6.30899125000000      -0.528517835900240     
   6.60932416666667        6.30899125000000      -0.528628346766730     
   6.90965708333333        6.30899125000000      -0.525228819430793     
   7.20999000000000        6.30899125000000      -0.516206539432801     
  2.000000000000000E-003   6.60932416666667      -0.523454492974556     
  0.302332916666667        6.60932416666667      -0.528344715781972     
  0.602665833333333        6.60932416666667      -0.526315765746769     
  0.902998750000000        6.60932416666667      -0.521791313366278     
   1.20333166666667        6.60932416666667      -0.518168366041588     
   1.50366458333333        6.60932416666667      -0.517010762806266     
   1.80399750000000        6.60932416666667      -0.519156327289344     
   2.10433041666667        6.60932416666667      -0.525770517426942     
   2.40466333333333        6.60932416666667      -0.539059940422849     
   2.70499625000000        6.60932416666667      -0.561282049069700     
   3.00532916666667        6.60932416666667      -0.589644000447251     
   3.30566208333333        6.60932416666667      -0.616398324661678     
   3.60599500000000        6.60932416666667      -0.628018037963041     
   3.90632791666667        6.60932416666667      -0.616390798400948     
   4.20666083333333        6.60932416666667      -0.589638946859498     
   4.50699375000000        6.60932416666667      -0.561290798756305     
   4.80732666666667        6.60932416666667      -0.539086743316537     
   5.10765958333333        6.60932416666667      -0.525814672263121     
   5.40799250000000        6.60932416666667      -0.519214685103016     
   5.70832541666667        6.60932416666667      -0.517080397014645     
   6.00865833333333        6.60932416666667      -0.518248491335771     
   6.30899125000000        6.60932416666667      -0.521884441340738     
   6.60932416666667        6.60932416666667      -0.526428013299994     
   6.90965708333333        6.60932416666667      -0.528479975648642     
   7.20999000000000        6.60932416666667      -0.523606158416100     
  2.000000000000000E-003   6.90965708333333      -0.532807463188313     
  0.302332916666667        6.90965708333333      -0.532580340794631     
  0.602665833333333        6.90965708333333      -0.522408850908828     
  0.902998750000000        6.90965708333333      -0.512474774052873     
   1.20333166666667        6.90965708333333      -0.506384301442183     
   1.50366458333333        6.90965708333333      -0.504503830679697     
   1.80399750000000        6.90965708333333      -0.506944095432705     
   2.10433041666667        6.90965708333333      -0.514701197809031     
   2.40466333333333        6.90965708333333      -0.530441773612870     
   2.70499625000000        6.90965708333333      -0.556296836966625     
   3.00532916666667        6.90965708333333      -0.589148385250305     
   3.30566208333333        6.90965708333333      -0.620029370340104     
   3.60599500000000        6.90965708333333      -0.634582768234178     
   3.90632791666667        6.90965708333333      -0.620017360400354     
   4.20666083333333        6.90965708333333      -0.589135306997264     
   4.50699375000000        6.90965708333333      -0.556300815411070     
   4.80732666666667        6.90965708333333      -0.530468915514327     
   5.10765958333333        6.90965708333333      -0.514749815189887     
   5.40799250000000        6.90965708333333      -0.507009601723890     
   5.70832541666667        6.90965708333333      -0.504582664118765     
   6.00865833333333        6.90965708333333      -0.506475510481297     
   6.30899125000000        6.90965708333333      -0.512581872429988     
   6.60932416666667        6.90965708333333      -0.522540587509629     
   6.90965708333333        6.90965708333333      -0.532738166681139     
   7.20999000000000        6.90965708333333      -0.532978263668786     
  2.000000000000000E-003   7.20999000000000      -0.532040869707129     
  0.302332916666667        7.20999000000000      -0.528020810551544     
  0.602665833333333        7.20999000000000      -0.512595817261084     
  0.902998750000000        7.20999000000000      -0.498638843923724     
   1.20333166666667        7.20999000000000      -0.490987211785826     
   1.50366458333333        7.20999000000000      -0.488780124931817     
   1.80399750000000        7.20999000000000      -0.491371637767701     
   2.10433041666667        7.20999000000000      -0.499559087363814     
   2.40466333333333        7.20999000000000      -0.515938719351379     
   2.70499625000000        7.20999000000000      -0.542376327628187     
   3.00532916666667        7.20999000000000      -0.575280934694051     
   3.30566208333333        7.20999000000000      -0.605170325896368     
   3.60599500000000        7.20999000000000      -0.628334452477135     
   3.90632791666667        7.20999000000000      -0.605157377045184     
   4.20666083333333        7.20999000000000      -0.575263437863915     
   4.50699375000000        7.20999000000000      -0.542378304533093     
   4.80732666666667        7.20999000000000      -0.515967206917554     
   5.10765958333333        7.20999000000000      -0.499612124914016     
   5.40799250000000        7.20999000000000      -0.491443714245040     
   5.70832541666667        7.20999000000000      -0.488867362087509     
   6.00865833333333        7.20999000000000      -0.491088042058527     
   6.30899125000000        7.20999000000000      -0.498755841205571     
   6.60932416666667        7.20999000000000      -0.512736316797160     
   6.90965708333333        7.20999000000000      -0.528185255571682     
   7.20999000000000        7.20999000000000      -0.532209768633142     
