  2.000000000000000E-003  2.000000000000000E-003 -0.620424753306514     
  0.302332916666667       2.000000000000000E-003 -0.616187465219149     
  0.602665833333333       2.000000000000000E-003 -0.599030747078167     
  0.902998750000000       2.000000000000000E-003 -0.585084172153317     
   1.20333166666667       2.000000000000000E-003 -0.578429100575804     
   1.50366458333333       2.000000000000000E-003 -0.578415840421647     
   1.80399750000000       2.000000000000000E-003 -0.585096807564136     
   2.10433041666667       2.000000000000000E-003 -0.600296355519364     
   2.40466333333333       2.000000000000000E-003 -0.628176549893753     
   2.70499625000000       2.000000000000000E-003 -0.671481828268457     
   3.00532916666667       2.000000000000000E-003 -0.724186445991597     
   3.30566208333333       2.000000000000000E-003 -0.770490078994579     
   3.60599500000000       2.000000000000000E-003 -0.804660951841894     
   3.90632791666667       2.000000000000000E-003 -0.770496372891741     
   4.20666083333333       2.000000000000000E-003 -0.724193374462525     
   4.50699375000000       2.000000000000000E-003 -0.671475257384604     
   4.80732666666667       2.000000000000000E-003 -0.628152468752374     
   5.10765958333333       2.000000000000000E-003 -0.600255767284695     
   5.40799250000000       2.000000000000000E-003 -0.585043296618404     
   5.70832541666667       2.000000000000000E-003 -0.578352104447175     
   6.00865833333333       2.000000000000000E-003 -0.578356395442745     
   6.30899125000000       2.000000000000000E-003 -0.585001161493736     
   6.60932416666667       2.000000000000000E-003 -0.598932821930308     
   6.90965708333333       2.000000000000000E-003 -0.616073535855802     
   7.20999000000000       2.000000000000000E-003 -0.620309514121868     
  2.000000000000000E-003  0.302332916666667      -0.616186803703775     
  0.302332916666667       0.302332916666667      -0.616336549440223     
  0.602665833333333       0.302332916666667      -0.607754387434930     
  0.902998750000000       0.302332916666667      -0.600390523831092     
   1.20333166666667       0.302332916666667      -0.596545911302913     
   1.50366458333333       0.302332916666667      -0.597445644793840     
   1.80399750000000       0.302332916666667      -0.604275769534573     
   2.10433041666667       0.302332916666667      -0.619114230838885     
   2.40466333333333       0.302332916666667      -0.646067341740850     
   2.70499625000000       0.302332916666667      -0.688096312306891     
   3.00532916666667       0.302332916666667      -0.739675563169954     
   3.30566208333333       0.302332916666667      -0.786002838960601     
   3.60599500000000       0.302332916666667      -0.806757263076802     
   3.90632791666667       0.302332916666667      -0.786003400254362     
   4.20666083333333       0.302332916666667      -0.739675440033151     
   4.50699375000000       0.302332916666667      -0.688086922575088     
   4.80732666666667       0.302332916666667      -0.646044920365788     
   5.10765958333333       0.302332916666667      -0.619079087703831     
   5.40799250000000       0.302332916666667      -0.604230287833379     
   5.70832541666667       0.302332916666667      -0.597391673802588     
   6.00865833333333       0.302332916666667      -0.596483907959157     
   6.30899125000000       0.302332916666667      -0.600319160262347     
   6.60932416666667       0.302332916666667      -0.607670250785170     
   6.90965708333333       0.302332916666667      -0.616237199425269     
   7.20999000000000       0.302332916666667      -0.616073818076282     
  2.000000000000000E-003  0.602665833333333      -0.599031222576252     
  0.302332916666667       0.602665833333333      -0.607755024901941     
  0.602665833333333       0.602665833333333      -0.610035928792561     
  0.902998750000000       0.602665833333333      -0.609494530905628     
   1.20333166666667       0.602665833333333      -0.609101192015659     
   1.50366458333333       0.602665833333333      -0.611316515352230     
   1.80399750000000       0.602665833333333      -0.618036565941946     
   2.10433041666667       0.602665833333333      -0.631430604590520     
   2.40466333333333       0.602665833333333      -0.654816736829592     
   2.70499625000000       0.602665833333333      -0.691196373932919     
   3.00532916666667       0.602665833333333      -0.735514446835307     
   3.30566208333333       0.602665833333333      -0.775405622884670     
   3.60599500000000       0.602665833333333      -0.792111430532042     
   3.90632791666667       0.602665833333333      -0.775404192797548     
   4.20666083333333       0.602665833333333      -0.735509945232040     
   4.50699375000000       0.602665833333333      -0.691184958355277     
   4.80732666666667       0.602665833333333      -0.654796506439046     
   5.10765958333333       0.602665833333333      -0.631401303665100     
   5.40799250000000       0.602665833333333      -0.617999671070287     
   5.70832541666667       0.602665833333333      -0.611273023081768     
   6.00865833333333       0.602665833333333      -0.609050986547372     
   6.30899125000000       0.602665833333333      -0.609436213805016     
   6.60932416666667       0.602665833333333      -0.609966756456229     
   6.90965708333333       0.602665833333333      -0.607671395524078     
   7.20999000000000       0.602665833333333      -0.598934510741843     
  2.000000000000000E-003  0.902998750000000      -0.585088074241985     
  0.302332916666667       0.902998750000000      -0.600394761479823     
  0.602665833333333       0.902998750000000      -0.609497789856777     
  0.902998750000000       0.902998750000000      -0.614174495609008     
   1.20333166666667       0.902998750000000      -0.617079015091058     
   1.50366458333333       0.902998750000000      -0.620788977284131     
   1.80399750000000       0.902998750000000      -0.627448567538312     
   2.10433041666667       0.902998750000000      -0.639098897179040     
   2.40466333333333       0.902998750000000      -0.658260227066068     
   2.70499625000000       0.902998750000000      -0.686053790025418     
   3.00532916666667       0.902998750000000      -0.719596446808181     
   3.30566208333333       0.902998750000000      -0.748402279326893     
   3.60599500000000       0.902998750000000      -0.760042150621181     
   3.90632791666667       0.902998750000000      -0.748399691481559     
   4.20666083333333       0.902998750000000      -0.719590137428177     
   4.50699375000000       0.902998750000000      -0.686042140083603     
   4.80732666666667       0.902998750000000      -0.658242473231614     
   5.10765958333333       0.902998750000000      -0.639074961567675     
   5.40799250000000       0.902998750000000      -0.627419205641088     
   5.70832541666667       0.902998750000000      -0.620754639480251     
   6.00865833333333       0.902998750000000      -0.617038829872953     
   6.30899125000000       0.902998750000000      -0.614126686232610     
   6.60932416666667       0.902998750000000      -0.609439727294487     
   6.90965708333333       0.902998750000000      -0.600324037837001     
   7.20999000000000       0.902998750000000      -0.585006104329694     
  2.000000000000000E-003   1.20333166666667      -0.578436305650998     
  0.302332916666667        1.20333166666667      -0.596553814678400     
  0.602665833333333        1.20333166666667      -0.609108152390259     
  0.902998750000000        1.20333166666667      -0.617082824696754     
   1.20333166666667        1.20333166666667      -0.622435875845616     
   1.50366458333333        1.20333166666667      -0.627441848295686     
   1.80399750000000        1.20333166666667      -0.634145450006970     
   2.10433041666667        1.20333166666667      -0.644658214480910     
   2.40466333333333        1.20333166666667      -0.660437548540063     
   2.70499625000000        1.20333166666667      -0.680809319880469     
   3.00532916666667        1.20333166666667      -0.703292272212016     
   3.30566208333333        1.20333166666667      -0.722341410798357     
   3.60599500000000        1.20333166666667      -0.729914056184829     
   3.90632791666667        1.20333166666667      -0.722338227480890     
   4.20666083333333        1.20333166666667      -0.703285368038709     
   4.50699375000000        1.20333166666667      -0.680798288502317     
   4.80732666666667        1.20333166666667      -0.660422222147529     
   5.10765958333333        1.20333166666667      -0.644638568674346     
   5.40799250000000        1.20333166666667      -0.634121822024648     
   5.70832541666667        1.20333166666667      -0.627414303330118     
   6.00865833333333        1.20333166666667      -0.622403111074194     
   6.30899125000000        1.20333166666667      -0.617042709325086     
   6.60932416666667        1.20333166666667      -0.609058215044793     
   6.90965708333333        1.20333166666667      -0.596492368661050     
   7.20999000000000        1.20333166666667      -0.578364396254779     
  2.000000000000000E-003   1.50366458333333      -0.578425728781169     
  0.302332916666667        1.50366458333333      -0.597456318587501     
  0.602665833333333        1.50366458333333      -0.611326058898010     
  0.902998750000000        1.50366458333333      -0.620795190213203     
   1.20333166666667        1.50366458333333      -0.627444057124977     
   1.50366458333333        1.50366458333333      -0.633205101745403     
   1.80399750000000        1.50366458333333      -0.640121599005982     
   2.10433041666667        1.50366458333333      -0.650238551259758     
   2.40466333333333        1.50366458333333      -0.663803579725785     
   2.70499625000000        1.50366458333333      -0.679797847695157     
   3.00532916666667        1.50366458333333      -0.695799317010644     
   3.30566208333333        1.50366458333333      -0.708068165679320     
   3.60599500000000        1.50366458333333      -0.712733012735990     
   3.90632791666667        1.50366458333333      -0.708064763321994     
   4.20666083333333        1.50366458333333      -0.695792569466277     
   4.50699375000000        1.50366458333333      -0.679787878546333     
   4.80732666666667        1.50366458333333      -0.663790469907388     
   5.10765958333333        1.50366458333333      -0.650222248009128     
   5.40799250000000        1.50366458333333      -0.640102004708440     
   5.70832541666667        1.50366458333333      -0.633182095010869     
   6.00865833333333        1.50366458333333      -0.627416428986401     
   6.30899125000000        1.50366458333333      -0.620760809847300     
   6.60932416666667        1.50366458333333      -0.611282689750900     
   6.90965708333333        1.50366458333333      -0.597402666357500     
   7.20999000000000        1.50366458333333      -0.578362508043273     
  2.000000000000000E-003   1.80399750000000      -0.585108863512519     
  0.302332916666667        1.80399750000000      -0.604288213963754     
  0.602665833333333        1.80399750000000      -0.618046908633822     
  0.902998750000000        1.80399750000000      -0.627454513168816     
   1.20333166666667        1.80399750000000      -0.634146462907398     
   1.50366458333333        1.80399750000000      -0.640119945344235     
   1.80399750000000        1.80399750000000      -0.647483872722387     
   2.10433041666667        1.80399750000000      -0.657202446137185     
   2.40466333333333        1.80399750000000      -0.669310392609970     
   2.70499625000000        1.80399750000000      -0.682811051833796     
   3.00532916666667        1.80399750000000      -0.695629647405426     
   3.30566208333333        1.80399750000000      -0.705006949241265     
   3.60599500000000        1.80399750000000      -0.708468365345833     
   3.90632791666667        1.80399750000000      -0.705003757079110     
   4.20666083333333        1.80399750000000      -0.695623501178676     
   4.50699375000000        1.80399750000000      -0.682802279936515     
   4.80732666666667        1.80399750000000      -0.669299196410859     
   5.10765958333333        1.80399750000000      -0.657188758632309     
   5.40799250000000        1.80399750000000      -0.647467375951447     
   5.70832541666667        1.80399750000000      -0.640100140310166     
   6.00865833333333        1.80399750000000      -0.634122513601963     
   6.30899125000000        1.80399750000000      -0.627424832007610     
   6.60932416666667        1.80399750000000      -0.618009785965692     
   6.90965708333333        1.80399750000000      -0.604242672355143     
   7.20999000000000        1.80399750000000      -0.585055493306283     
  2.000000000000000E-003   2.10433041666667      -0.600310472411056     
  0.302332916666667        2.10433041666667      -0.619127702565818     
  0.602665833333333        2.10433041666667      -0.631440019968238     
  0.902998750000000        2.10433041666667      -0.639101599205808     
   1.20333166666667        2.10433041666667      -0.644654452489888     
   1.50366458333333        2.10433041666667      -0.650231494487525     
   1.80399750000000        2.10433041666667      -0.657196773937137     
   2.10433041666667        2.10433041666667      -0.666178754218276     
   2.40466333333333        2.10433041666667      -0.677065305897118     
   2.70499625000000        2.10433041666667      -0.688893287899266     
   3.00532916666667        2.10433041666667      -0.699863797497347     
   3.30566208333333        2.10433041666667      -0.707737325691734     
   3.60599500000000        2.10433041666667      -0.710611360590109     
   3.90632791666667        2.10433041666667      -0.707734492657361     
   4.20666083333333        2.10433041666667      -0.699858392149492     
   4.50699375000000        2.10433041666667      -0.688885667863985     
   4.80732666666667        2.10433041666667      -0.677055701320668     
   5.10765958333333        2.10433041666667      -0.666167121568137     
   5.40799250000000        2.10433041666667      -0.657182796671408     
   5.70832541666667        2.10433041666667      -0.650214668412065     
   6.00865833333333        2.10433041666667      -0.644634119946585     
   6.30899125000000        2.10433041666667      -0.639076891921181     
   6.60932416666667        2.10433041666667      -0.631409954814039     
   6.90965708333333        2.10433041666667      -0.619091929677385     
   7.20999000000000        2.10433041666667      -0.600269489144248     
  2.000000000000000E-003   2.40466333333333      -0.628193504877373     
  0.302332916666667        2.40466333333333      -0.646082372161256     
  0.602665833333333        2.40466333333333      -0.654825104500633     
  0.902998750000000        2.40466333333333      -0.658259082140702     
   1.20333166666667        2.40466333333333      -0.660427616982444     
   1.50366458333333        2.40466333333333      -0.663788925090365     
   1.80399750000000        2.40466333333333      -0.669296618480803     
   2.10433041666667        2.40466333333333      -0.677057237800693     
   2.40466333333333        2.40466333333333      -0.686634096463271     
   2.70499625000000        2.40466333333333      -0.697008979942153     
   3.00532916666667        2.40466333333333      -0.706563359285811     
   3.30566208333333        2.40466333333333      -0.713377726649459     
   3.60599500000000        2.40466333333333      -0.715856341462169     
   3.90632791666667        2.40466333333333      -0.713375306710672     
   4.20666083333333        2.40466333333333      -0.706558735386368     
   4.50699375000000        2.40466333333333      -0.697002452660162     
   4.80732666666667        2.40466333333333      -0.686625873457654     
   5.10765958333333        2.40466333333333      -0.677047320494248     
   5.40799250000000        2.40466333333333      -0.669284809893374     
   5.70832541666667        2.40466333333333      -0.663774926971710     
   6.00865833333333        2.40466333333333      -0.660411138600840     
   6.30899125000000        2.40466333333333      -0.658239929886541     
   6.60932416666667        2.40466333333333      -0.654803321274511     
   6.90965708333333        2.40466333333333      -0.646058474750939     
   7.20999000000000        2.40466333333333      -0.628168313188589     
  2.000000000000000E-003   2.70499625000000      -0.671503550496735     
  0.302332916666667        2.70499625000000      -0.688115710730955     
  0.602665833333333        2.70499625000000      -0.691206779122149     
  0.902998750000000        2.70499625000000      -0.686050445291461     
   1.20333166666667        2.70499625000000      -0.680793520836293     
   1.50366458333333        2.70499625000000      -0.679775299617757     
   1.80399750000000        2.70499625000000      -0.682788853122835     
   2.10433041666667        2.70499625000000      -0.688877123838106     
   2.40466333333333        2.70499625000000      -0.697001309141171     
   2.70499625000000        2.70499625000000      -0.705959415044365     
   3.00532916666667        2.70499625000000      -0.714232512312532     
   3.30566208333333        2.70499625000000      -0.720131830191482     
   3.60599500000000        2.70499625000000      -0.722276814289213     
   3.90632791666667        2.70499625000000      -0.720129869179157     
   4.20666083333333        2.70499625000000      -0.714228739182390     
   4.50699375000000        2.70499625000000      -0.705954041889978     
   4.80732666666667        2.70499625000000      -0.696994496909925     
   5.10765958333333        2.70499625000000      -0.688868913212554     
   5.40799250000000        2.70499625000000      -0.682779181427302     
   5.70832541666667        2.70499625000000      -0.679764091998383     
   6.00865833333333        2.70499625000000      -0.680780819092983     
   6.30899125000000        2.70499625000000      -0.686036553744530     
   6.60932416666667        2.70499625000000      -0.691192822430998     
   6.90965708333333        2.70499625000000      -0.688103923904811     
   7.20999000000000        2.70499625000000      -0.671495171580621     
  2.000000000000000E-003   3.00532916666667      -0.724215825016671     
  0.302332916666667        3.00532916666667      -0.739703634891389     
  0.602665833333333        3.00532916666667      -0.735531609008031     
  0.902998750000000        3.00532916666667      -0.719594261619775     
   1.20333166666667        3.00532916666667      -0.703272457489021     
   1.50366458333333        3.00532916666667      -0.695770311206975     
   1.80399750000000        3.00532916666667      -0.695600523588077     
   2.10433041666667        3.00532916666667      -0.699841303367272     
   2.40466333333333        3.00532916666667      -0.706550178424341     
   2.70499625000000        3.00532916666667      -0.714227480412243     
   3.00532916666667        3.00532916666667      -0.721385724693134     
   3.30566208333333        3.00532916666667      -0.726504929885486     
   3.60599500000000        3.00532916666667      -0.728368220015583     
   3.90632791666667        3.00532916666667      -0.726503499069533     
   4.20666083333333        3.00532916666667      -0.721382947535196     
   4.50699375000000        3.00532916666667      -0.714223481659146     
   4.80732666666667        3.00532916666667      -0.706545064335422     
   5.10765958333333        3.00532916666667      -0.699835127446418     
   5.40799250000000        3.00532916666667      -0.695593300960402     
   5.70832541666667        3.00532916666667      -0.695762084212219     
   6.00865833333333        3.00532916666667      -0.703263414657625     
   6.30899125000000        3.00532916666667      -0.719585039046715     
   6.60932416666667        3.00532916666667      -0.735523861540640     
   6.90965708333333        3.00532916666667      -0.739700722365985     
   7.20999000000000        3.00532916666667      -0.724220611628806     
  2.000000000000000E-003   3.30566208333333      -0.770528187771483     
  0.302332916666667        3.30566208333333      -0.786043289285343     
  0.602665833333333        3.30566208333333      -0.775433332345186     
  0.902998750000000        3.30566208333333      -0.748403998025952     
   1.20333166666667        3.30566208333333      -0.722319979532873     
   1.50366458333333        3.30566208333333      -0.708035145063173     
   1.80399750000000        3.30566208333333      -0.704973441445063     
   2.10433041666667        3.30566208333333      -0.707711023369394     
   2.40466333333333        3.30566208333333      -0.713361553802640     
   2.70499625000000        3.30566208333333      -0.720124407982343     
   3.00532916666667        3.30566208333333      -0.726502781178222     
   3.30566208333333        3.30566208333333      -0.731081245502904     
   3.60599500000000        3.30566208333333      -0.732750085622282     
   3.90632791666667        3.30566208333333      -0.731080432060441     
   4.20666083333333        3.30566208333333      -0.726501186404599     
   4.50699375000000        3.30566208333333      -0.720122083163458     
   4.80732666666667        3.30566208333333      -0.713358549899505     
   5.10765958333333        3.30566208333333      -0.707707374472408     
   5.40799250000000        3.30566208333333      -0.704969159579508     
   5.70832541666667        3.30566208333333      -0.708030232905907     
   6.00865833333333        3.30566208333333      -0.722314486879146     
   6.30899125000000        3.30566208333333      -0.748398389371645     
   6.60932416666667        3.30566208333333      -0.775428569537667     
   6.90965708333333        3.30566208333333      -0.786041124067274     
   7.20999000000000        3.30566208333333      -0.770532725951358     
  2.000000000000000E-003   3.60599500000000      -0.804699607712653     
  0.302332916666667        3.60599500000000      -0.806804935772307     
  0.602665833333333        3.60599500000000      -0.792144943325455     
  0.902998750000000        3.60599500000000      -0.760046113676456     
   1.20333166666667        3.60599500000000      -0.729892321385706     
   1.50366458333333        3.60599500000000      -0.712698627051435     
   1.80399750000000        3.60599500000000      -0.708433345144406     
   2.10433041666667        3.60599500000000      -0.710583786931121     
   2.40466333333333        3.60599500000000      -0.715839242403060     
   2.70499625000000        3.60599500000000      -0.722268738205122     
   3.00532916666667        3.60599500000000      -0.728365553877393     
   3.30566208333333        3.60599500000000      -0.732749602027608     
   3.60599500000000        3.60599500000000      -0.734348779586790     
   3.90632791666667        3.60599500000000      -0.732749474548643     
   4.20666083333333        3.60599500000000      -0.728365286852150     
   4.50699375000000        3.60599500000000      -0.722268318788165     
   4.80732666666667        3.60599500000000      -0.715838665817748     
   5.10765958333333        3.60599500000000      -0.710583046906314     
   5.40799250000000        3.60599500000000      -0.708432399368497     
   5.70832541666667        3.60599500000000      -0.712697337495405     
   6.00865833333333        3.60599500000000      -0.729890466756133     
   6.30899125000000        3.60599500000000      -0.760043838660366     
   6.60932416666667        3.60599500000000      -0.792142754842036     
   6.90965708333333        3.60599500000000      -0.806803605443924     
   7.20999000000000        3.60599500000000      -0.804699087452148     
  2.000000000000000E-003   3.90632791666667      -0.770534190358727     
  0.302332916666667        3.90632791666667      -0.786043493374685     
  0.602665833333333        3.90632791666667      -0.775431565760414     
  0.902998750000000        3.90632791666667      -0.748401161263735     
   1.20333166666667        3.90632791666667      -0.722316624902590     
   1.50366458333333        3.90632791666667      -0.708031613562851     
   1.80399750000000        3.90632791666667      -0.704970138668217     
   2.10433041666667        3.90632791666667      -0.707708094465468     
   2.40466333333333        3.90632791666667      -0.713359052369017     
   2.70499625000000        3.90632791666667      -0.720122377355749     
   3.00532916666667        3.90632791666667      -0.726501287464717     
   3.30566208333333        3.90632791666667      -0.731080370363888     
   3.60599500000000        3.90632791666667      -0.732749895087240     
   3.90632791666667        3.90632791666667      -0.731080948232064     
   4.20666083333333        3.90632791666667      -0.726502383510893     
   4.50699375000000        3.90632791666667      -0.720123909218793     
   4.80732666666667        3.90632791666667      -0.713360955123477     
   5.10765958333333        3.90632791666667      -0.707710322535021     
   5.40799250000000        3.90632791666667      -0.704972609762291     
   5.70832541666667        3.90632791666667      -0.708034096334941     
   6.00865833333333        3.90632791666667      -0.722318555169982     
   6.30899125000000        3.90632791666667      -0.748402458771588     
   6.60932416666667        3.90632791666667      -0.775432186172782     
   6.90965708333333        3.90632791666667      -0.786043130511231     
   7.20999000000000        3.90632791666667      -0.770528814666944     
  2.000000000000000E-003   4.20666083333333      -0.724222278816534     
  0.302332916666667        4.20666083333333      -0.739703010554305     
  0.602665833333333        4.20666083333333      -0.735526643003909     
  0.902998750000000        4.20666083333333      -0.719587588202231     
   1.20333166666667        4.20666083333333      -0.703265289622213     
   1.50366458333333        4.20666083333333      -0.695763348757437     
   1.80399750000000        4.20666083333333      -0.695594189160636     
   2.10433041666667        4.20666083333333      -0.699835733815696     
   2.40466333333333        4.20666083333333      -0.706545413353033     
   2.70499625000000        4.20666083333333      -0.714223583090495     
   3.00532916666667        4.20666083333333      -0.721382829513212     
   3.30566208333333        4.20666083333333      -0.726503212636208     
   3.60599500000000        4.20666083333333      -0.728367821979244     
   3.90632791666667        4.20666083333333      -0.726504462217179     
   4.20666083333333        4.20666083333333      -0.721385206842502     
   4.50699375000000        4.20666083333333      -0.714226916962739     
   4.80732666666667        4.20666083333333      -0.706549570461645     
   5.10765958333333        4.20666083333333      -0.699840649932816     
   5.40799250000000        4.20666083333333      -0.695599811443716     
   5.70832541666667        4.20666083333333      -0.695769508314849     
   6.00865833333333        4.20666083333333      -0.703271542885910     
   6.30899125000000        4.20666083333333      -0.719593423063283     
   6.60932416666667        4.20666083333333      -0.735531235640483     
   6.90965708333333        4.20666083333333      -0.739703966006627     
   7.20999000000000        4.20666083333333      -0.724216883274004     
  2.000000000000000E-003   4.50699375000000      -0.671496552141942     
  0.302332916666667        4.50699375000000      -0.688105879301177     
  0.602665833333333        4.50699375000000      -0.691194953183478     
  0.902998750000000        4.50699375000000      -0.686038461038031     
   1.20333166666667        4.50699375000000      -0.680782215651930     
   1.50366458333333        4.50699375000000      -0.679765088673402     
   1.80399750000000        4.50699375000000      -0.682779864805634     
   2.10433041666667        4.50699375000000      -0.688869313722712     
   2.40466333333333        4.50699375000000      -0.696994615097292     
   2.70499625000000        4.50699375000000      -0.705953886968321     
   3.00532916666667        4.50699375000000      -0.714228353319048     
   3.30566208333333        4.50699375000000      -0.720129324800828     
   3.60599500000000        4.50699375000000      -0.722276189950702     
   3.90632791666667        4.50699375000000      -0.720131183988250     
   4.20666083333333        4.50699375000000      -0.714231870689434     
   4.50699375000000        4.50699375000000      -0.705958780599465     
   4.80732666666667        4.50699375000000      -0.697000676045863     
   5.10765958333333        4.50699375000000      -0.688876486599787     
   5.40799250000000        4.50699375000000      -0.682788205798553     
   5.70832541666667        4.50699375000000      -0.679774638812869     
   6.00865833333333        4.50699375000000      -0.680792875208251     
   6.30899125000000        4.50699375000000      -0.686049947757676     
   6.60932416666667        4.50699375000000      -0.691206663882821     
   6.90965708333333        4.50699375000000      -0.688116147562269     
   7.20999000000000        4.50699375000000      -0.671504515804123     
  2.000000000000000E-003   4.80732666666667      -0.628169155860383     
  0.302332916666667        4.80732666666667      -0.646059674575844     
  0.602665833333333        4.80732666666667      -0.654804608296799     
  0.902998750000000        4.80732666666667      -0.658241077868368     
   1.20333166666667        4.80732666666667      -0.660412053213497     
   1.50366458333333        4.80732666666667      -0.663775593198914     
   1.80399750000000        4.80732666666667      -0.669285221866896     
   2.10433041666667        4.80732666666667      -0.677047457124704     
   2.40466333333333        4.80732666666667      -0.686625713977746     
   2.70499625000000        4.80732666666667      -0.697002006017357     
   3.00532916666667        4.80732666666667      -0.706558057340245     
   3.30566208333333        4.80732666666667      -0.713374490226124     
   3.60599500000000        4.80732666666667      -0.715855485170061     
   3.90632791666667        4.80732666666667      -0.713376901364902     
   4.20666083333333        4.80732666666667      -0.706562592920387     
   4.50699375000000        4.80732666666667      -0.697008266307031     
   4.80732666666667        4.80732666666667      -0.686633416102905     
   5.10765958333333        4.80732666666667      -0.677056574142448     
   5.40799250000000        4.80732666666667      -0.669295963256994     
   5.70832541666667        4.80732666666667      -0.663788282102101     
   6.00865833333333        4.80732666666667      -0.660427017985502     
   6.30899125000000        4.80732666666667      -0.658258613595169     
   6.60932416666667        4.80732666666667      -0.654824908864898     
   6.90965708333333        4.80732666666667      -0.646082569192347     
   7.20999000000000        4.80732666666667      -0.628194081158284     
  2.000000000000000E-003   5.10765958333333      -0.600269783063858     
  0.302332916666667        5.10765958333333      -0.619092443294537     
  0.602665833333333        5.10765958333333      -0.631410571626029     
  0.902998750000000        5.10765958333333      -0.639077486808268     
   1.20333166666667        5.10765958333333      -0.644634617947138     
   1.50366458333333        5.10765958333333      -0.650215010274249     
   1.80399750000000        5.10765958333333      -0.657182926606749     
   2.10433041666667        5.10765958333333      -0.666166983565710     
   2.40466333333333        5.10765958333333      -0.677055257657536     
   2.70499625000000        5.10765958333333      -0.688884926228723     
   3.00532916666667        5.10765958333333      -0.699857419956757     
   3.30566208333333        5.10765958333333      -0.707733403556109     
   3.60599500000000        5.10765958333333      -0.710610275427959     
   3.90632791666667        5.10765958333333      -0.707736328794392     
   4.20666083333333        5.10765958333333      -0.699862914850340     
   4.50699375000000        5.10765958333333      -0.688892497792245     
   4.80732666666667        5.10765958333333      -0.677064567980978     
   5.10765958333333        5.10765958333333      -0.666178034245024     
   5.40799250000000        5.10765958333333      -0.657196053857253     
   5.70832541666667        5.10765958333333      -0.650230774931883     
   6.00865833333333        5.10765958333333      -0.644653760043772     
   6.30899125000000        5.10765958333333      -0.639100998673564     
   6.60932416666667        5.10765958333333      -0.631439627290343     
   6.90965708333333        5.10765958333333      -0.619127596979007     
   7.20999000000000        5.10765958333333      -0.600310673207826     
  2.000000000000000E-003   5.40799250000000      -0.585055355166061     
  0.302332916666667        5.40799250000000      -0.604242713877940     
  0.602665833333333        5.40799250000000      -0.618009938170262     
  0.902998750000000        5.40799250000000      -0.627425020198122     
   1.20333166666667        5.40799250000000      -0.634122679817376     
   1.50366458333333        5.40799250000000      -0.640100206848899     
   1.80399750000000        5.40799250000000      -0.647467258417997     
   2.10433041666667        5.40799250000000      -0.657188373437673     
   2.40466333333333        5.40799250000000      -0.669298487832735     
   2.70499625000000        5.40799250000000      -0.682801248198747     
   3.00532916666667        5.40799250000000      -0.695622221155662     
   3.30566208333333        5.40799250000000      -0.705002369111648     
   3.60599500000000        5.40799250000000      -0.708467028463363     
   3.90632791666667        5.40799250000000      -0.705005774497174     
   4.20666083333333        5.40799250000000      -0.695628658268493     
   4.50699375000000        5.40799250000000      -0.682810200057371     
   4.80732666666667        5.40799250000000      -0.669309605135114     
   5.10765958333333        5.40799250000000      -0.657201662487238     
   5.40799250000000        5.40799250000000      -0.647483058063191     
   5.70832541666667        5.40799250000000      -0.640119090215888     
   6.00865833333333        5.40799250000000      -0.634145618180909     
   6.30899125000000        5.40799250000000      -0.627453762506213     
   6.60932416666667        5.40799250000000      -0.618046374735835     
   6.90965708333333        5.40799250000000      -0.604287942375659     
   7.20999000000000        5.40799250000000      -0.585108841298667     
  2.000000000000000E-003   5.70832541666667      -0.578362050411270     
  0.302332916666667        5.70832541666667      -0.597402374974118     
  0.602665833333333        5.70832541666667      -0.611282519344888     
  0.902998750000000        5.70832541666667      -0.620760734679796     
   1.20333166666667        5.70832541666667      -0.627416364133143     
   1.50366458333333        5.70832541666667      -0.633181964715806     
   1.80399750000000        5.70832541666667      -0.640101703365798     
   2.10433041666667        5.70832541666667      -0.650221661433402     
   2.40466333333333        5.70832541666667      -0.663789514074742     
   2.70499625000000        5.70832541666667      -0.679786527911136     
   3.00532916666667        5.70832541666667      -0.695790892941596     
   3.30566208333333        5.70832541666667      -0.708062945691484     
   3.60599500000000        5.70832541666667      -0.712731306902718     
   3.90632791666667        5.70832541666667      -0.708066756817579     
   4.20666083333333        5.70832541666667      -0.695798223180251     
   4.50699375000000        5.70832541666667      -0.679796962119581     
   4.80732666666667        5.70832541666667      -0.663802770767364     
   5.10765958333333        5.70832541666667      -0.650237719583554     
   5.40799250000000        5.70832541666667      -0.640120685130568     
   5.70832541666667        5.70832541666667      -0.633204113817230     
   6.00865833333333        5.70832541666667      -0.627443069727955     
   6.30899125000000        5.70832541666667      -0.620794319338960     
   6.60932416666667        5.70832541666667      -0.611325322156720     
   6.90965708333333        5.70832541666667      -0.597455832875232     
   7.20999000000000        5.70832541666667      -0.578425467910232     
  2.000000000000000E-003   6.00865833333333      -0.578363686396302     
  0.302332916666667        6.00865833333333      -0.596491851024832     
  0.602665833333333        6.00865833333333      -0.609057895996865     
  0.902998750000000        6.00865833333333      -0.617042513395712     
   1.20333166666667        6.00865833333333      -0.622402955580164     
   1.50366458333333        6.00865833333333      -0.627414084418663     
   1.80399750000000        6.00865833333333      -0.634121414797211     
   2.10433041666667        6.00865833333333      -0.644637831811999     
   2.40466333333333        6.00865833333333      -0.660421018903443     
   2.70499625000000        6.00865833333333      -0.680796522282684     
   3.00532916666667        6.00865833333333      -0.703283044383694     
   3.30566208333333        6.00865833333333      -0.722335608731404     
   3.60599500000000        6.00865833333333      -0.729911765423224     
   3.90632791666667        6.00865833333333      -0.722339637916400     
   4.20666083333333        6.00865833333333      -0.703291093245996     
   4.50699375000000        6.00865833333333      -0.680808466718356     
   4.80732666666667        6.00865833333333      -0.660436777312775     
   5.10765958333333        6.00865833333333      -0.644657376026260     
   5.40799250000000        6.00865833333333      -0.634144487080341     
   5.70832541666667        6.00865833333333      -0.627440781843466     
   6.00865833333333        6.00865833333333      -0.622434773513313     
   6.30899125000000        6.00865833333333      -0.617081760394485     
   6.60932416666667        6.00865833333333      -0.609107207065463     
   6.90965708333333        6.00865833333333      -0.596553007972007     
   7.20999000000000        6.00865833333333      -0.578435720601556     
  2.000000000000000E-003   6.30899125000000      -0.585005176300077     
  0.302332916666667        6.30899125000000      -0.600323427138197     
  0.602665833333333        6.30899125000000      -0.609439387563093     
  0.902998750000000        6.30899125000000      -0.614126533168118     
   1.20333166666667        6.30899125000000      -0.617038729271134     
   1.50366458333333        6.30899125000000      -0.620754448666777     
   1.80399750000000        6.30899125000000      -0.627418787960996     
   2.10433041666667        6.30899125000000      -0.639074136116895     
   2.40466333333333        6.30899125000000      -0.658241027638259     
   2.70499625000000        6.30899125000000      -0.686039817825609     
   3.00532916666667        6.30899125000000      -0.719587082616485     
   3.30566208333333        6.30899125000000      -0.748396415782361     
   3.60599500000000        6.30899125000000      -0.760039470988272     
   3.90632791666667        6.30899125000000      -0.748400475926746     
   4.20666083333333        6.30899125000000      -0.719595435869987     
   4.50699375000000        6.30899125000000      -0.686053145144081     
   4.80732666666667        6.30899125000000      -0.658259606141342     
   5.10765958333333        6.30899125000000      -0.639098125910697     
   5.40799250000000        6.30899125000000      -0.627447623885541     
   5.70832541666667        6.30899125000000      -0.620787918603199     
   6.00865833333333        6.30899125000000      -0.617077826620710     
   6.30899125000000        6.30899125000000      -0.614173248338634     
   6.60932416666667        6.30899125000000      -0.609496518435832     
   6.90965708333333        6.30899125000000      -0.600393594210593     
   7.20999000000000        6.30899125000000      -0.585087087059966     
  2.000000000000000E-003   6.60932416666667      -0.598933417235362     
  0.302332916666667        6.60932416666667      -0.607670841488035     
  0.602665833333333        6.60932416666667      -0.609966566100706     
  0.902998750000000        6.60932416666667      -0.609436251417900     
   1.20333166666667        6.60932416666667      -0.609051056187996     
   1.50366458333333        6.60932416666667      -0.611272979995186     
   1.80399750000000        6.60932416666667      -0.617999324750837     
   2.10433041666667        6.60932416666667      -0.631400470788539     
   2.40466333333333        6.60932416666667      -0.654794903380075     
   2.70499625000000        6.60932416666667      -0.691182371151560     
   3.00532916666667        6.60932416666667      -0.735506619648446     
   3.30566208333333        6.60932416666667      -0.775400665714883     
   3.60599500000000        6.60932416666667      -0.792108888563613     
   3.90632791666667        6.60932416666667      -0.775404355925918     
   4.20666083333333        6.60932416666667      -0.735514066383844     
   4.50699375000000        6.60932416666667      -0.691196229978823     
   4.80732666666667        6.60932416666667      -0.654816431744658     
   5.10765958333333        6.60932416666667      -0.631430018957873     
   5.40799250000000        6.60932416666667      -0.618035754234998     
   5.70832541666667        6.60932416666667      -0.611315465844117     
   6.00865833333333        6.60932416666667      -0.609099968082131     
   6.30899125000000        6.60932416666667      -0.609493079296603     
   6.60932416666667        6.60932416666667      -0.610034400512310     
   6.90965708333333        6.60932416666667      -0.607753459420560     
   7.20999000000000        6.60932416666667      -0.599029753789210     
  2.000000000000000E-003   6.90965708333333      -0.616072791838404     
  0.302332916666667        6.90965708333333      -0.616236862495575     
  0.602665833333333        6.90965708333333      -0.607670324470317     
  0.902998750000000        6.90965708333333      -0.600319465761819     
   1.20333166666667        6.90965708333333      -0.596484221403922     
   1.50366458333333        6.90965708333333      -0.597391803056535     
   1.80399750000000        6.90965708333333      -0.604230087952817     
   2.10433041666667        6.90965708333333      -0.619078372188166     
   2.40466333333333        6.90965708333333      -0.646043390542254     
   2.70499625000000        6.90965708333333      -0.688084480850952     
   3.00532916666667        6.90965708333333      -0.739672560092799     
   3.30566208333333        6.90965708333333      -0.786000506481319     
   3.60599500000000        6.90965708333333      -0.806755657567582     
   3.90632791666667        6.90965708333333      -0.786002701355345     
   4.20666083333333        6.90965708333333      -0.739676049448028     
   4.50699375000000        6.90965708333333      -0.688096851384452     
   4.80732666666667        6.90965708333333      -0.646067490324627     
   5.10765958333333        6.90965708333333      -0.619113915452266     
   5.40799250000000        6.90965708333333      -0.604275147230930     
   5.70832541666667        6.90965708333333      -0.597444737652860     
   6.00865833333333        6.90965708333333      -0.596544682058570     
   6.30899125000000        6.90965708333333      -0.600388976794768     
   6.60932416666667        6.90965708333333      -0.607752539084576     
   6.90965708333333        6.90965708333333      -0.616334471484762     
   7.20999000000000        6.90965708333333      -0.616185173191511     
  2.000000000000000E-003   7.20999000000000      -0.620309064002456     
  0.302332916666667        7.20999000000000      -0.616073761364451     
  0.602665833333333        7.20999000000000      -0.598933331167094     
  0.902998750000000        7.20999000000000      -0.585001758521377     
   1.20333166666667        7.20999000000000      -0.578356910406551     
   1.50366458333333        7.20999000000000      -0.578352415008644     
   1.80399750000000        7.20999000000000      -0.585043288104348     
   2.10433041666667        7.20999000000000      -0.600255281645311     
   2.40466333333333        7.20999000000000      -0.628151305337182     
   2.70499625000000        7.20999000000000      -0.671473376172109     
   3.00532916666667        7.20999000000000      -0.724191110219612     
   3.30566208333333        7.20999000000000      -0.770494491594183     
   3.60599500000000        7.20999000000000      -0.804660241100760     
   3.90632791666667        7.20999000000000      -0.770490844340804     
   4.20666083333333        7.20999000000000      -0.724187796648480     
   4.50699375000000        7.20999000000000      -0.671482995741323     
   4.80732666666667        7.20999000000000      -0.628177139538333     
   5.10765958333333        7.20999000000000      -0.600296348588202     
   5.40799250000000        7.20999000000000      -0.585096403943663     
   5.70832541666667        7.20999000000000      -0.578415106777455     
   6.00865833333333        7.20999000000000      -0.578428023404898     
   6.30899125000000        7.20999000000000      -0.585082698987319     
   6.60932416666667        7.20999000000000      -0.599028804452192     
   6.90965708333333        7.20999000000000      -0.616185530348106     
   7.20999000000000        7.20999000000000      -0.620423818493356     
